1.236845025632835776e+08
9.338614808895522356e+08
1.250319691302985191e+09
6.603012028179104328e+08
4.185959863044776320e+08
3.162083008447760940e+08
2.276200199835820794e+08
1.758116394880596995e+08
1.437976202358208895e+08
1.339523306313432902e+08
1.158465220820895582e+08
1.020819586358208954e+08
1.111746014029850811e+08
9.051573589402985573e+07
9.517626802238805592e+07
8.517662365522387624e+07
7.905378325970149040e+07
6.894275217044775188e+07
7.266927940298508108e+07
5.927861800447761267e+07
5.347469268029851466e+07
5.112115031194029748e+07
4.822506454447761178e+07
4.590017500582090020e+07
4.259118888641791046e+07
3.462756226059701294e+07
3.412800238164179027e+07
3.728635026492537558e+07
3.140177561179104820e+07
3.298341120208955556e+07
2.662270488328358158e+07
3.053410499650746956e+07
2.445826051567164063e+07
2.365434082914925367e+07
2.527266460970149189e+07
2.234693761917910725e+07
2.742730989849253371e+07
2.552018761347761005e+07
2.186166302432835847e+07
2.164604441423880681e+07
1.979251243635820970e+07
2.636697561647761241e+07
1.821898473008955270e+07
2.060696838632835820e+07
1.623671215468656644e+07
1.589915970641790889e+07
1.875111410874626786e+07
1.429465486235821061e+07
1.620781820204477757e+07
1.878986906394029781e+07
1.396664748688059486e+07
1.522678448029850610e+07
1.537481060438806005e+07
1.292373555064179190e+07
1.470624704362686537e+07
1.576581851489552110e+07
1.211827891680597141e+07
1.285966533595522493e+07
1.415688814149253815e+07
1.136345562402985059e+07
1.184808792873134278e+07
1.269239918217910454e+07
1.305661975711940415e+07
1.026805922079552151e+07
1.090687873507462628e+07
1.107457403446268663e+07
9.963340452238805592e+06
8.768430109402984381e+06
8.817140044835822657e+06
9.445128986746268347e+06
7.925733118056715466e+06
7.847766354240299203e+06
8.336709931119401939e+06
9.130362526164179668e+06
8.323164053991044872e+06
7.781329738598507829e+06
7.782400062432835810e+06
8.419463759537313133e+06
7.934894857507462613e+06
7.451710635913433507e+06
7.359317807655223645e+06
7.220075399611939676e+06
7.729590077677611262e+06
7.168384852205971256e+06
6.204425105617910624e+06
6.208175815814925358e+06
6.658442904653731734e+06
6.330256876479104161e+06
5.914318391331342980e+06
5.537638807086566463e+06
5.755046382252238691e+06
5.594307633883582428e+06
5.485487804828358814e+06
5.358193048011940904e+06
4.801298602211941034e+06
4.774713081823880784e+06
4.746319443767164834e+06
4.731023233419402502e+06
4.633178166150746867e+06
4.784501983534328640e+06
4.511122419876120053e+06
4.500692834325373173e+06
4.384133110005970113e+06
4.461370487577611580e+06
4.108656360310447868e+06
3.691164046077611391e+06
3.587167553064179141e+06
3.725230985292537138e+06
3.741338037037313450e+06
3.673663512873134110e+06
3.635188533719403204e+06
3.305261078523880802e+06
3.425111485779104754e+06
3.272185688929851167e+06
3.979657717937313486e+06
3.362093308188059833e+06
3.234859809429850429e+06
2.760880075949253514e+06
2.744365947638805956e+06
2.843129944261194207e+06
2.595062014186567161e+06
2.916950936605970375e+06
2.899974610525373369e+06
2.660257173947761301e+06
2.596756804486567155e+06
2.502603332598507404e+06
2.379416136358208954e+06
2.611941326831343584e+06
2.605077966764179058e+06
2.624766062676119618e+06
2.589189231900000013e+06
2.325852601629850920e+06
2.514979779313432984e+06
2.678917513932835311e+06
2.483439190320895519e+06
2.471263059280597139e+06
2.418255156989552546e+06
2.432905660831343383e+06
2.652872015889551956e+06
2.055235955544776283e+06
2.095944293111940380e+06
2.063227351611940190e+06
2.006386581352238776e+06
2.265775174935820978e+06
2.034779935886566993e+06
2.542340925132835750e+06
2.590000048029850703e+06
2.165657090017910115e+06
2.085367812604477862e+06
2.047792868520895485e+06
1.823575352900000056e+06
2.040177928035820834e+06
1.785557441488059703e+06
1.922658133722387953e+06
1.810309235147761647e+06
2.085384083501492627e+06
2.031288238704477903e+06
1.747724996289552189e+06
1.897018431391044986e+06
2.022864483495522523e+06
1.932398647580596851e+06
1.898495477122387849e+06
1.714283820105970372e+06
1.999921911067164037e+06
1.690000671429850860e+06
1.550542174292536918e+06
1.601341617473134305e+06
1.857871598810447846e+06
1.533189951358209131e+06
1.446651485044776229e+06
1.633956413028358249e+06
1.694201431213432690e+06
1.507495579155223910e+06
1.497817156271641841e+06
1.541468631686567096e+06
1.696931766274626600e+06
1.419829904041790869e+06
1.528979722292537335e+06
1.529332344386567129e+06
1.522850249138806015e+06
1.411765904191044625e+06
1.400818094689552207e+06
1.464412182979104342e+06
1.695717877464179182e+06
1.294083331376119284e+06
1.709047872652238933e+06
1.473357595637313556e+06
1.389417676980597200e+06
1.375511906691044569e+06
1.416130022052238928e+06
1.315080263404477620e+06
1.244673188913432881e+06
1.562042408862686483e+06
1.210511231605970068e+06
1.374868203844776144e+06
1.271790245076119434e+06
1.173957106979104225e+06
1.270230506747761043e+06
1.204833211616417859e+06
1.332034468038805993e+06
1.099600137613432715e+06
1.204676745110447751e+06
1.262319118092537392e+06
1.025853428949253634e+06
9.553743289716418367e+05
9.928885275074626552e+05
1.144088601238805801e+06
1.454297739019402768e+06
1.291045673031343380e+06
1.342964460277611855e+06
1.013982417502985103e+06
1.124388383027761243e+06
9.904980894274626626e+05
1.107945702371194027e+06
8.956376918943284545e+05
8.773925533288060687e+05
9.739851454908954911e+05
9.528898002832835773e+05
8.926906079486567760e+05
8.183344273447762243e+05
9.737534833252239041e+05
1.020995420673582121e+06
8.885891086856715847e+05
9.037571332459702389e+05
9.245702434905970003e+05
8.526891605467163026e+05
9.489113076552237617e+05
8.298204398817911278e+05
7.870972972502985504e+05
9.214783809682087740e+05
8.863611789649255807e+05
9.263516376140299253e+05
8.377808328079103958e+05
8.935744939294030191e+05
8.089822912634330569e+05
7.658991972852239851e+05
1.151863413586268434e+06
7.248247271046268288e+05
8.701807014928358840e+05
1.074096286039552186e+06
7.795544730823879363e+05
9.385512823314926354e+05
7.264303957598506240e+05
7.753681668894028990e+05
7.808861671874626772e+05
9.637146311044776812e+05
7.189472040919403080e+05
1.719664266971492674e+06
8.039290442462685751e+05
9.727478625089552952e+05
7.190121196744776098e+05
8.707679880161194596e+05
1.049353441394328373e+06
8.825098334647762822e+05
8.184617829774625134e+05
7.533920073965672636e+05
1.117359437343880534e+06
7.533915992995523848e+05
8.184620053095521871e+05
8.825098667020897847e+05
1.049353572667164262e+06
8.707680124170150375e+05
7.190122853149253642e+05
9.727480287213432603e+05
8.039291022364178207e+05
1.719664248861791100e+06
7.189473095977612538e+05
9.637146797186566982e+05
7.808863099177611293e+05
7.753683723849253729e+05
7.264305590377612971e+05
9.385513338653731626e+05
7.795545115549253533e+05
1.074096335579999955e+06
8.701807224689553259e+05
7.248246558353730943e+05
1.151863363738955231e+06
7.658993400846269215e+05
8.089822904191045091e+05
8.935745477168656653e+05
8.377809090108955279e+05
9.263516415156716248e+05
8.863610477346269181e+05
9.214783790971642593e+05
7.870973044165670872e+05
8.298205948374627624e+05
9.489112998753732536e+05
8.526894758086567745e+05
9.245717688880596543e+05
9.037569946535819909e+05
8.885889628543284489e+05
1.020995479130298481e+06
9.737535644611940952e+05
8.183344372986565577e+05
8.926907131428357679e+05
9.528896180523879593e+05
9.739851824298508000e+05
8.773925331047760556e+05
8.956377000092536910e+05
1.107945850645820843e+06
9.904979681723879185e+05
1.124388383054626873e+06
1.013983931153731188e+06
1.342964450753731420e+06
1.291045723617910407e+06
1.454297737929850584e+06
1.144088550138805760e+06
9.928886104671641951e+05
9.553743077776118880e+05
1.025853445535820792e+06
1.262319294732835842e+06
1.204676697826865595e+06
1.099600164849253837e+06
1.332034754743283615e+06
1.204833201004477683e+06
1.270230726864179131e+06
1.173957277079104213e+06
1.271790257144775940e+06
1.374866792598507367e+06
1.210511377444776241e+06
1.562042351059701294e+06
1.244673100626865402e+06
1.315080350183581933e+06
1.416130137113432633e+06
1.375511888914925279e+06
1.389417734513432719e+06
1.473357754543283721e+06
1.709049477707462618e+06
1.294083482617910486e+06
1.695717766767164227e+06
1.464412166137313470e+06
1.400818017785074655e+06
1.411765906482089544e+06
1.522850229070149362e+06
1.529330890438806033e+06
1.528979704252238851e+06
1.419830164285074687e+06
1.696931813662686618e+06
1.541468735365671804e+06
1.497817079195522470e+06
1.507495685276119504e+06
1.694201552544776350e+06
1.633956387716417899e+06
1.446651527102984954e+06
1.533189920629850822e+06
1.857870159247761359e+06
1.601341581638806034e+06
1.550542367565671680e+06
1.690000687019402860e+06
1.999921871322388062e+06
1.714283752805970376e+06
1.898495633523880504e+06
1.932398616719403304e+06
2.022864217252238886e+06
1.897018232002984965e+06
1.747725166720895562e+06
2.031288243331343401e+06
2.085384069055223837e+06
1.810309304701492656e+06
1.922658047989552375e+06
1.785557411638806108e+06
2.040177875561194029e+06
1.823575380670148879e+06
2.047791281155223958e+06
2.085367808389551938e+06
2.165656847767163999e+06
2.590000038640298415e+06
2.542339536119402852e+06
2.034779808420895366e+06
2.265775200213432778e+06
2.006386592240298633e+06
2.063227470771641936e+06
2.095943969459701329e+06
2.055236194159701699e+06
2.652871976170149632e+06
2.432905765004477464e+06
2.418255145071641542e+06
2.471263210846268106e+06
2.483439105441791005e+06
2.678917472162686754e+06
2.514979631407462992e+06
2.325852358022388071e+06
2.589189153783582151e+06
2.624766683825373184e+06
2.605078039631343447e+06
2.611941048399999738e+06
2.379416337688059546e+06
2.502603543000000063e+06
2.596756592379104346e+06
2.660257298322388437e+06
2.899974935017910320e+06
2.916951097768656444e+06
2.595062120597014669e+06
2.843130121337313671e+06
2.744365814949253574e+06
2.760880093919403385e+06
3.234860348743283655e+06
3.362093439159701578e+06
3.979657994223880582e+06
3.272185639120895416e+06
3.425111602695521899e+06
3.305261002286567353e+06
3.635188602108955383e+06
3.673664328276119661e+06
3.741337965546268504e+06
3.725231062428357545e+06
3.587167565811940003e+06
3.691164238213432953e+06
4.108656469937313348e+06
4.461370272252238356e+06
4.384133069620895199e+06
4.500692975968657061e+06
4.511122602920895442e+06
4.784501768505970016e+06
4.633178209480597638e+06
4.731023522598506883e+06
4.746319320216418244e+06
4.774712942316418514e+06
4.801298784644776024e+06
5.358192965640299022e+06
5.485487569141791202e+06
5.594307150629851036e+06
5.755046920161194168e+06
5.537638769922387786e+06
5.914318629602985457e+06
6.330256670197014697e+06
6.658443445116418414e+06
6.208175666682089679e+06
6.204425154141791165e+06
7.168384927758208476e+06
7.729590229483582079e+06
7.220075596371642314e+06
7.359317606341792271e+06
7.451711089959701523e+06
7.934895427194029093e+06
8.419464186731342226e+06
7.782399502641791478e+06
7.781330219925373793e+06
8.323162225764177740e+06
9.130363585313431919e+06
8.336709350119402632e+06
7.847765958332835697e+06
7.925732151974626817e+06
9.445129723805971444e+06
8.817139703238805756e+06
8.768430218970151618e+06
9.963341471507461742e+06
1.107457432313432917e+07
1.090687885613432713e+07
1.026805951631791145e+07
1.305661951055223867e+07
1.269239970234328508e+07
1.184808863768656738e+07
1.136345628134328313e+07
1.415688866552239098e+07
1.285966398225373216e+07
1.211827937502985075e+07
1.576581906011940353e+07
1.470624766011940129e+07
1.292373555350746401e+07
1.537481254634328559e+07
1.522678380850746110e+07
1.396664855898507498e+07
1.878987189261193946e+07
1.620781828547761217e+07
1.429465699280597083e+07
1.875111367443283275e+07
1.589916123626865633e+07
1.623671318931343220e+07
2.060696804767163843e+07
1.821898447980597243e+07
2.636697696588059515e+07
1.979251306665671617e+07
2.164604556511940435e+07
2.186166085089552402e+07
2.552018760198507831e+07
2.742730762880596891e+07
2.234693598485074937e+07
2.527266672328358144e+07
2.365434452168656513e+07
2.445825844402984902e+07
3.053410412949253991e+07
2.662270552537313476e+07
3.298341562313432992e+07
3.140177761194029823e+07
3.728634968432835490e+07
3.412800357731343061e+07
3.462756432492537796e+07
4.259118842238806188e+07
4.590017277000000328e+07
4.822506984895522147e+07
5.112114865820895880e+07
5.347469391029851139e+07
5.927861519850746542e+07
7.266928259850746393e+07
6.894275671373133361e+07
7.905378572388060391e+07
8.517662813432836533e+07
9.517627533582089841e+07
9.051574171641790867e+07
1.111746048343283534e+08
1.020819623686567098e+08
1.158465286805970222e+08
1.339523517059701532e+08
1.437976366686567068e+08
1.758116414134328365e+08
2.276200254761193991e+08
3.162083699641790986e+08
4.185960123179104328e+08
6.603013137432836294e+08
1.250319728164179087e+09
9.338614169029850960e+08
9.998167350268655777e+09
6.046269032235820770e+10
8.908657726791044617e+10
4.911341300895522308e+10
2.852010253194029999e+10
2.161722784014925385e+10
1.598233864059701538e+10
1.258822675343283653e+10
1.082564324194029808e+10
1.079647099492537308e+10
1.026947926701492500e+10
1.029272944641790962e+10
1.152477517343283653e+10
9.663634553582090378e+09
1.058754579686567116e+10
9.479831745223880768e+09
9.252107873910448074e+09
8.410992521432835579e+09
8.490260741343283653e+09
7.098311247313432693e+09
6.838226559716418266e+09
6.590508800358208656e+09
6.464233940895522118e+09
5.846340088492537498e+09
5.668920590507462502e+09
4.929428888940298080e+09
4.626222965761194229e+09
4.897896857802985191e+09
4.425817520661193848e+09
4.333180495835821152e+09
3.593449660146268845e+09
3.844888195307462692e+09
3.248547251813432693e+09
3.199229205608955383e+09
3.407843610597014904e+09
2.969187231885074615e+09
3.352877203508955002e+09
3.207659301970149040e+09
2.929441352597014904e+09
2.875284727761194229e+09
2.736026650149253845e+09
3.182388475335820675e+09
2.391071506204477787e+09
2.562937262161193848e+09
2.084235593205970049e+09
2.066953339894029856e+09
2.195239194919403076e+09
1.796293681591044664e+09
1.964430461197014809e+09
2.110022861298507452e+09
1.666817908413432837e+09
1.756685058820895433e+09
1.678645870686567068e+09
1.431619545671641827e+09
1.595375823904477596e+09
1.691056510501492500e+09
1.387715264328358173e+09
1.410037746177611828e+09
1.555498690913432837e+09
1.232359674700000048e+09
1.268466437126865625e+09
1.321591466862686634e+09
1.317599784919403076e+09
1.079511432894776106e+09
1.153127885359701395e+09
1.109346625405373096e+09
1.043241066713283658e+09
9.173656788820894957e+08
9.510329826447761059e+08
9.775354732000000477e+08
8.179267919656716585e+08
8.098353901085075140e+08
8.509925651234327555e+08
8.990130107044776678e+08
8.106169756011940241e+08
7.627798634771641493e+08
7.618920457652238607e+08
8.175319218283581734e+08
8.045763470492537022e+08
7.385924599380596876e+08
7.561203408388059139e+08
7.282245423820894957e+08
7.739938965195522308e+08
7.256538901467164755e+08
6.228422952426865101e+08
6.319362291517910957e+08
6.567545174659701586e+08
6.331176823400000334e+08
6.064687789295521975e+08
5.633554194022388458e+08
5.516484786846269369e+08
5.340945066377611756e+08
5.238659086689551473e+08
5.350787281968657374e+08
4.534344579713432789e+08
4.388209627111940384e+08
4.510532377725372910e+08
4.436391488288059235e+08
4.282836848798507452e+08
4.517412478341791630e+08
4.234644866007462740e+08
3.946564934297015071e+08
3.956880036277611852e+08
3.939051741732835174e+08
3.609203344776119590e+08
3.275718183650746346e+08
3.215212555605970025e+08
3.310133546835820675e+08
3.251904392237313986e+08
3.160394968961194158e+08
3.138651353792536855e+08
2.843718217216417789e+08
3.161365887214925289e+08
2.868084666697015166e+08
3.472048800435820818e+08
2.988779394731343389e+08
2.959890647571641803e+08
2.636086951513432860e+08
2.488455946074626744e+08
2.636523629062686861e+08
2.487189082516418099e+08
2.686334642447761297e+08
2.655035232656716406e+08
2.522427006661193967e+08
2.491581116285074651e+08
2.479818629726865888e+08
2.323073273544776142e+08
2.472323608368656337e+08
2.427075306492537260e+08
2.517634480680597126e+08
2.412401605480597317e+08
2.256675484534328282e+08
2.463609347201492488e+08
2.390426897149253786e+08
2.300044496237313449e+08
2.363303988974626660e+08
2.264690133359701633e+08
2.366070170423880517e+08
2.444758315326865613e+08
2.019198788186567128e+08
2.087458411098507047e+08
2.055629930304478109e+08
2.014938702983582020e+08
2.192237680431343317e+08
2.020961779807462692e+08
2.303721778037313521e+08
2.614572950008955300e+08
2.128169363641791046e+08
2.067801376025373340e+08
1.966275500737313330e+08
1.866589683828358352e+08
2.010628110474626720e+08
1.815339924234327972e+08
1.910204117801492512e+08
1.858453793805970252e+08
1.968848719376119673e+08
1.860897119358209074e+08
1.730329414364179075e+08
1.914939891650746167e+08
2.022844213929850459e+08
1.827885784104477763e+08
1.811761458046268523e+08
1.722442656798507571e+08
1.897359154261194170e+08
1.699620390304477513e+08
1.615617732746716440e+08
1.696281385358805954e+08
1.810137717133582234e+08
1.554131049319402874e+08
1.517132400889402926e+08
1.642916054863880575e+08
1.654669206265671551e+08
1.611892201664178967e+08
1.555557819521940351e+08
1.531131148604925275e+08
1.668186911488656700e+08
1.477711418372984827e+08
1.587271718108358085e+08
1.600687767205522358e+08
1.578524073337910771e+08
1.484207822568656802e+08
1.469556349324477613e+08
1.538044718834328353e+08
1.557682569499552250e+08
1.367164233097611964e+08
1.649801602621492743e+08
1.496167468866567016e+08
1.359236144704776108e+08
1.448933987118059695e+08
1.467821289334179461e+08
1.372704475768209100e+08
1.307759837324328572e+08
1.506533900850448012e+08
1.293007131947014928e+08
1.393549520021194220e+08
1.310750823905373216e+08
1.204718385144477785e+08
1.276517289603731334e+08
1.243970983638059646e+08
1.264138294312089533e+08
1.146507945919253677e+08
1.201719016596567184e+08
1.277435128570597023e+08
1.101098761598805934e+08
1.034874738535671681e+08
1.086172795283731222e+08
1.121750926085373163e+08
1.253481053463880569e+08
1.272173061794477850e+08
1.165278754079850763e+08
1.042878795113134384e+08
1.208899769527761191e+08
1.091275344258656800e+08
1.024609821983134300e+08
9.157680753332835436e+07
8.861342980222387612e+07
9.935361349988059700e+07
1.008672953346567005e+08
9.047630715940299630e+07
8.745484300789552927e+07
9.821282843056717515e+07
9.996506455585074425e+07
9.240747974417911470e+07
8.905261174707463384e+07
9.130376031368656456e+07
8.881019984556716681e+07
9.656314772691045702e+07
8.583025242097015679e+07
8.649846905976119637e+07
9.307381998299999535e+07
9.302883272753730416e+07
9.332512089632835984e+07
8.953037991585074365e+07
9.070529195746266842e+07
9.006284272771643102e+07
8.655459008476118743e+07
1.029433879351641685e+08
8.085395956144775450e+07
9.306485815253731608e+07
9.353121236638806760e+07
8.230410564988058805e+07
9.536299524337312579e+07
7.750572845083582401e+07
8.245377106580597162e+07
8.005022798135820031e+07
9.766113797728358209e+07
7.798183947120895982e+07
1.360761747627761066e+08
8.638085609301492572e+07
9.696621343604478240e+07
8.173125540588058531e+07
8.603923783623878658e+07
9.885307604274626076e+07
9.310345357699999213e+07
8.916823485967163742e+07
8.268208545011940598e+07
1.242846870611343086e+08
8.268206551110446453e+07
8.916823572470149398e+07
9.310346353386566043e+07
9.885308241501493752e+07
8.603925236755223572e+07
8.173125841025371850e+07
9.696621805817911029e+07
8.638085622535820305e+07
1.360761753527761102e+08
7.798184073274625838e+07
9.766113756131343544e+07
8.005022806058208644e+07
8.245378429858207703e+07
7.750573487397015095e+07
9.536299146579104662e+07
8.230410558731342852e+07
9.353119767686566710e+07
9.306488592908954620e+07
8.085396493662686646e+07
1.029433909611044824e+08
8.655460119517910480e+07
9.006284078720897436e+07
9.070528927467164397e+07
8.953038405105969310e+07
9.332512021014925838e+07
9.302883183410449326e+07
9.307381595379105210e+07
8.649848246774627268e+07
8.583024481270149350e+07
9.656314452071641386e+07
8.881020268202984333e+07
9.130377720776119828e+07
8.905258322441790998e+07
9.240747598777611554e+07
9.996505606885075569e+07
9.821283258222387731e+07
8.745483953450746834e+07
9.047631362194029987e+07
1.008672912603283674e+08
9.935362609965671599e+07
8.861342855823880434e+07
9.157680684189553559e+07
1.024609922538358122e+08
1.091275375702089667e+08
1.208899589617462605e+08
1.042879133392686546e+08
1.165278811547313631e+08
1.272173088398955166e+08
1.253481063410149366e+08
1.121749414470447600e+08
1.086172805520895422e+08
1.034874893734477758e+08
1.101098982348209023e+08
1.277434990616865754e+08
1.201719046695074737e+08
1.146507968771343231e+08
1.264138485259253681e+08
1.243970885737015009e+08
1.276517339039701521e+08
1.204718536471343040e+08
1.310750809311044663e+08
1.393549522885671854e+08
1.293007324272686690e+08
1.506533874123581946e+08
1.307759751648208797e+08
1.372704448511343300e+08
1.467821466516417861e+08
1.448933804891343415e+08
1.359235920240448117e+08
1.496167527421343327e+08
1.649803012978358269e+08
1.367164244906716347e+08
1.557682355171194077e+08
1.538044709515223801e+08
1.469556296822985113e+08
1.484207703305522501e+08
1.578523851047164202e+08
1.600687767574328184e+08
1.587272043740000129e+08
1.477711510020746291e+08
1.668186953414030075e+08
1.531131112279552519e+08
1.555557888031044900e+08
1.611892444253731370e+08
1.654669375267164111e+08
1.642915868416119218e+08
1.517132478513433039e+08
1.554131105843283534e+08
1.810137677291790843e+08
1.696281324285970330e+08
1.615617780474925339e+08
1.699620411652238667e+08
1.897360551708955169e+08
1.722442530261194110e+08
1.811761263032835722e+08
1.827885785568656921e+08
2.022843953404477835e+08
1.914939940629850626e+08
1.730329524988059998e+08
1.860897131111940444e+08
1.968848676944776475e+08
1.858453805816418231e+08
1.910204374497014880e+08
1.815339839428358078e+08
2.010627920041791201e+08
1.866589840759701431e+08
1.966275447807462811e+08
2.067801304131343067e+08
2.128169199717910588e+08
2.614572978214925230e+08
2.303721896692537665e+08
2.020961683141790926e+08
2.192237696210447848e+08
2.014938735519402921e+08
2.055629914014925361e+08
2.087458104720895290e+08
2.019199028514925241e+08
2.444758349585074782e+08
2.366070229122388363e+08
2.264690282979104519e+08
2.363303962720895410e+08
2.300044359116418064e+08
2.390426854002985358e+08
2.463609428661193848e+08
2.256675496568656862e+08
2.412401581550746560e+08
2.517634704605970383e+08
2.427075322016417980e+08
2.472323434313432872e+08
2.323073233934328556e+08
2.479818756282089353e+08
2.491580929211940169e+08
2.522426849382089674e+08
2.655035430514925420e+08
2.686334753908954859e+08
2.487189114091044962e+08
2.636523633910447657e+08
2.488455863273134232e+08
2.636086728376119733e+08
2.959890777317910194e+08
2.988779331561193466e+08
3.472048850383582115e+08
2.868084509338806272e+08
3.161366415311940908e+08
2.843717808902984858e+08
3.138651345165671110e+08
3.160395207679104209e+08
3.251904313105970025e+08
3.310133700955224037e+08
3.215212400295522213e+08
3.275718087023880482e+08
3.609203294253731370e+08
3.939051566882089376e+08
3.956879743338806033e+08
3.946564911953731775e+08
4.234644915755223632e+08
4.517413791505970359e+08
4.282837171335821152e+08
4.436391830408955812e+08
4.510532367740297914e+08
4.388209457888059616e+08
4.534344626879104972e+08
5.350787660522388220e+08
5.238658892658208609e+08
5.340944821617910862e+08
5.516485382698507309e+08
5.633554225873134136e+08
6.064687858579103947e+08
6.331176259668656588e+08
6.567545510376119614e+08
6.319361930323880911e+08
6.228422870516417027e+08
7.256538821049253941e+08
7.739938868061193228e+08
7.282245657999999523e+08
7.561203489298506975e+08
7.385924756097015142e+08
8.045763907641791105e+08
8.175319075179104805e+08
7.618920563920896053e+08
7.627799366770149469e+08
8.106169999383581877e+08
8.990130500313433409e+08
8.509925736022387743e+08
8.098353852297015190e+08
8.179267124273134470e+08
9.775355618597015142e+08
9.510330017791044712e+08
9.173656242731343508e+08
1.043241077179104447e+09
1.109346681733731270e+09
1.153127901508955240e+09
1.079511384967910528e+09
1.317599750155223846e+09
1.321591517355223894e+09
1.268466300082089663e+09
1.232359713879104376e+09
1.555498759286567211e+09
1.410037660774626970e+09
1.387715271819402933e+09
1.691056592722388029e+09
1.595375815076119423e+09
1.431619338823880672e+09
1.678645916223880529e+09
1.756684766104477644e+09
1.666817975159701586e+09
2.110022879377611876e+09
1.964430471959701538e+09
1.796293788322388172e+09
2.195239114635820866e+09
2.066953429580596924e+09
2.084235656207462788e+09
2.562937300952239037e+09
2.391071293413432598e+09
3.182388648619402885e+09
2.736026715701492310e+09
2.875284977298507690e+09
2.929441118447761059e+09
3.207659779747761250e+09
3.352877251464179039e+09
2.969187218138805866e+09
3.407843835925373077e+09
3.199229425295522213e+09
3.248547220470149040e+09
3.844888114710447788e+09
3.593449740744776249e+09
4.333180726134327888e+09
4.425817745901492119e+09
4.897896881967164040e+09
4.626223015014925003e+09
4.929429045671641350e+09
5.668920335432835579e+09
5.846339975358208656e+09
6.464234723283581734e+09
6.590508339164178848e+09
6.838226471805970192e+09
7.098310656716418266e+09
8.490261238358208656e+09
8.410993425910448074e+09
9.252108999283582687e+09
9.479831999402984619e+09
1.058754603865671730e+10
9.663634707313432693e+09
1.152477496298507500e+10
1.029272974940298462e+10
1.026947962686567116e+10
1.079647258298507500e+10
1.082564406746268654e+10
1.258822676835820961e+10
1.598233890940298462e+10
2.161723075343283463e+10
2.852010451850746155e+10
4.911342294313433075e+10
8.908658401373133850e+10
6.046268665668656921e+10
