1.699349447280627787e+08
1.675425224504223108e+09
1.646937813772254467e+09
7.566241409426289797e+08
4.981310570151503682e+08
3.449673449109081626e+08
2.509676272452711463e+08
1.878517030902027190e+08
1.487427841053046584e+08
1.666789506928819716e+08
1.403519743588847816e+08
1.232692125334865004e+08
1.380213181491062641e+08
1.151376624072569162e+08
1.116397096792948246e+08
9.609704725629705191e+07
8.926308050918759406e+07
8.334646973138460517e+07
9.272102773085045815e+07
1.135358254119929969e+08
6.792760603862516582e+07
7.159295053348301351e+07
8.168016274495552480e+07
6.855677432730838656e+07
6.372931637112941593e+07
4.529389771894425899e+07
4.971365140429279208e+07
5.742588575767207891e+07
4.699123649237997085e+07
5.471632476733779907e+07
3.374159719887334108e+07
4.152789065474087745e+07
3.069990662217720598e+07
3.197571811055165902e+07
3.519181018355505913e+07
2.653554919145525992e+07
3.856649030754251033e+07
3.601220239724212140e+07
3.457774937362728268e+07
3.461446165803460032e+07
2.972366718983799592e+07
4.018848551654605567e+07
2.979720769048604369e+07
3.553111096444717050e+07
2.199610025336778164e+07
2.347442661644272506e+07
2.448231830014190450e+07
1.890485539342605323e+07
2.268795475576895848e+07
3.509887112876626104e+07
2.041453786164903641e+07
2.196783209994636476e+07
2.399996938390528038e+07
2.138334295567957312e+07
2.379254719411168993e+07
2.401519696370576322e+07
1.726451079139067978e+07
1.965585269921423867e+07
2.143688937364018708e+07
1.651339943737073801e+07
1.775757419342747703e+07
1.648318738537329063e+07
1.964461277459102869e+07
1.416177828620384447e+07
1.432602236631338857e+07
1.646357182575661875e+07
1.647010690298402123e+07
1.178188670687415265e+07
1.127542990948185138e+07
1.365467358114066347e+07
1.080907441242480278e+07
1.331748322359800711e+07
1.165278981742650084e+07
1.404252402237863839e+07
1.455929809054661542e+07
1.309729737803968601e+07
1.294954008525659703e+07
1.420710731185005978e+07
1.247978407691899128e+07
1.279490689369623549e+07
1.207531204813585803e+07
9.822117583234705031e+06
1.086204636745035648e+07
1.300598253541808575e+07
8.605756359358018264e+06
9.812700123760420829e+06
1.221378781456712820e+07
8.837706536387328058e+06
8.649915490429274738e+06
7.785590283593290485e+06
1.034386169802170061e+07
9.116639395241208375e+06
7.414987959371403791e+06
1.015346568834103085e+07
7.745632670729025267e+06
1.032659938480584510e+07
8.128918078244239092e+06
7.547290556471994147e+06
8.411862941235767677e+06
1.532621610641152225e+07
1.038420238665019162e+07
1.013717363954933733e+07
9.357223553459914401e+06
1.145031864912590943e+07
8.581867011247426271e+06
7.240040341844180599e+06
7.295626298269459978e+06
8.583030305305663496e+06
8.958194463891267776e+06
7.150699919672414660e+06
1.046629499738808349e+07
7.527220063112731092e+06
7.294778817876750603e+06
6.911627129040760919e+06
1.387512968747789972e+07
7.503603753471029922e+06
8.296214519925823435e+06
4.534078939195080660e+06
6.596851283309883438e+06
9.437453744705256075e+06
4.178160879304070957e+06
1.083968862331158854e+07
9.364329204992923886e+06
5.281782697522219270e+06
4.841284287574819289e+06
4.404328046927403659e+06
3.648226828945754096e+06
6.550527174153306521e+06
7.205176118491379544e+06
1.018400842641317844e+07
7.423412484069232829e+06
3.578924781515746843e+06
6.790100286739219911e+06
1.166772049566454999e+07
9.259131306865788996e+06
6.443626325400866568e+06
5.589152091307518072e+06
9.565810825526434928e+06
1.714975878864752501e+07
3.494325039629389998e+06
5.142766396892856807e+06
3.462546371563297696e+06
3.273798665500517003e+06
9.110832173182323575e+06
3.584367350815869402e+06
1.475777679292218201e+07
1.472365933944929577e+07
6.537258676754392684e+06
6.243999216131719761e+06
6.748451851450447924e+06
2.814846786335551180e+06
7.128007463998712599e+06
2.826547602017629426e+06
3.839260636684954166e+06
3.098620255858495366e+06
9.691693849580474198e+06
8.594216018889004365e+06
4.501360163672854193e+06
6.181396416388273239e+06
7.190559915297914296e+06
8.855216559692997485e+06
7.441642689763566479e+06
3.067968720978880301e+06
1.168182116900193319e+07
4.818834815458634868e+06
2.664024545396839734e+06
3.396974883283257019e+06
8.361532905489983037e+06
3.578483660877429415e+06
2.208932396179807372e+06
5.700920316262820736e+06
7.077010837445114739e+06
3.356580759260900784e+06
2.676622245431377552e+06
5.138787552450762130e+06
9.244801436836920679e+06
2.857870823006533086e+06
5.024321162230555899e+06
5.139309540319718421e+06
5.367408320208438672e+06
3.484393166376160458e+06
3.028942325647309422e+06
3.912827675141990650e+06
1.185525619623205625e+07
2.363445475740215275e+06
1.193610297284561396e+07
5.354331577323654667e+06
5.995185510056400672e+06
5.090043254164206795e+06
5.690085454280432314e+06
4.496335689538234845e+06
3.230598235882034060e+06
1.222329889923636988e+07
2.807433013144584373e+06
5.657714711260045879e+06
4.796469413927583955e+06
3.233419479417342227e+06
5.543147300799150020e+06
3.867797049205439631e+06
7.798465940867947415e+06
3.751558785550920758e+06
7.438792553947105072e+06
8.888617231579281390e+06
3.667843006432931405e+06
2.564839283422735054e+06
3.516530904531678185e+06
7.211658448786490597e+06
1.523452877817003429e+07
1.170458474315460213e+07
1.370565983371481858e+07
5.845828014818791300e+06
7.620621115295312367e+06
4.034196471463099588e+06
8.577488870287463069e+06
3.725423928635045886e+06
3.533411071949353907e+06
4.844645734702042304e+06
4.227986886631537229e+06
3.564068465968132485e+06
2.589766377696572803e+06
4.576722599787278101e+06
6.221552132932056673e+06
4.350574478207325563e+06
4.461751323871393688e+06
4.815436438683445565e+06
3.935969796569522936e+06
5.991190608411844820e+06
3.408289306356615387e+06
2.673305599824575242e+06
5.292059748973234557e+06
4.686179278782364912e+06
5.405020291309726425e+06
3.890478096090489067e+06
5.271587214385853149e+06
3.161795131391013972e+06
2.647901596033771988e+06
1.213920304440054856e+07
2.163618381000706460e+06
4.448439974047282711e+06
9.959364832448925823e+06
3.083082849724495318e+06
6.963597152232953347e+06
2.144754688921132591e+06
3.038453820680524688e+06
3.594856112070350442e+06
6.929551411667775363e+06
2.384785968709164765e+06
2.718798977931989357e+07
3.900660039199317340e+06
7.626123753038878553e+06
2.556064348652254324e+06
5.546539634398952127e+06
9.708286079579699785e+06
5.492952011442838237e+06
3.607101654246021062e+06
3.015813185603892896e+06
1.110177716159893386e+07
3.015813067377224099e+06
3.607101745362662710e+06
5.492951627858181484e+06
9.708286061182372272e+06
5.546539524112913758e+06
2.556064357064964715e+06
7.626123780692965724e+06
3.900660031941622030e+06
2.718798976409086585e+07
2.384785997681607027e+06
6.929551391553548165e+06
3.594856224680637009e+06
3.038456598033375572e+06
2.144755413114252966e+06
6.963597140692571178e+06
3.083082833896938246e+06
9.959364836353251711e+06
4.448439960073635913e+06
2.163616912806940731e+06
1.213920275952319615e+07
2.647901800323642790e+06
3.161795102704518009e+06
5.271587193268235773e+06
3.890478170863559935e+06
5.405020285375663079e+06
4.686178937787563540e+06
5.292059740371437743e+06
2.673305575252298266e+06
3.408292442820734344e+06
5.991190599179830402e+06
3.935973179011390079e+06
4.815471161283499561e+06
4.461751236548176035e+06
4.350574133867503144e+06
6.221552113418895751e+06
4.576722643645540811e+06
2.589766352947972249e+06
3.564068551905371249e+06
4.227986145272403955e+06
4.844645746871644631e+06
3.533410982628155034e+06
3.725423900977459271e+06
8.577489038224624470e+06
4.034195981313333847e+06
7.620621132509270683e+06
5.845864585089115426e+06
1.370565982399376482e+07
1.170458475104879774e+07
1.523452877148946747e+07
7.211658408698517829e+06
3.516530940646942239e+06
2.564839265738528222e+06
3.667843013441417832e+06
8.888617390063276514e+06
7.438792528789700009e+06
3.751558830960157793e+06
7.798467086225003004e+06
3.867797060543230269e+06
5.543147724200713448e+06
3.233422171598612797e+06
4.796469442360816523e+06
5.657679088476725854e+06
2.807433124687157106e+06
1.222329887937134877e+07
3.230598175899968017e+06
4.496335774666979909e+06
5.690085521109391004e+06
5.090043258841095492e+06
5.995185520003275014e+06
5.354331673976382241e+06
1.193614093814776652e+07
2.363445677702644374e+06
1.185525608013769239e+07
3.912827612713526003e+06
3.028942236238159239e+06
3.484393145799532067e+06
5.367408322459407151e+06
5.139274726648322307e+06
5.024321136206665076e+06
2.857871575817246456e+06
9.244801449785208330e+06
5.138787872812906280e+06
2.676620067367130425e+06
3.356580806753203738e+06
7.077010888038595207e+06
5.700920301817015745e+06
2.208932449880439788e+06
3.578483618728793226e+06
8.361496425624291413e+06
3.396974795608737040e+06
2.664026750816856045e+06
4.818834843933834694e+06
1.168182117910752073e+07
3.067968699904427398e+06
7.441642743232363835e+06
8.855216557588504627e+06
7.190559501072191633e+06
6.181395927238962613e+06
4.501360260595761240e+06
8.594216014524286613e+06
9.691693761931972578e+06
3.098620312097040471e+06
3.839257888105357997e+06
2.826547566283536609e+06
7.128007452747317031e+06
2.814846767036660574e+06
6.748415935334226117e+06
6.243999220987233333e+06
6.537258638123756275e+06
1.472365935958217457e+07
1.475773888604089990e+07
3.584367279348526150e+06
9.110832184566397220e+06
3.273798451023116708e+06
3.462546426030721050e+06
5.142766237795347348e+06
3.494327472029249184e+06
1.714975880819150805e+07
9.565810851137770340e+06
5.589152121581191197e+06
6.443626903115493245e+06
9.259131337350739166e+06
1.166772047702117264e+07
6.790100236338949762e+06
3.578924066155735403e+06
7.423412443241444416e+06
1.018400849211258441e+07
7.205176142327147536e+06
6.550527078386317007e+06
3.648226971440669149e+06
4.404328075130831450e+06
4.841283247793487273e+06
5.281782730326826684e+06
9.364329554997818545e+06
1.083968862285775132e+07
4.178160878902732860e+06
9.437453971824252978e+06
6.596851021025398746e+06
4.534078908889709972e+06
8.296216029387745075e+06
7.503604400186596438e+06
1.387512978762194701e+07
6.911626941853456199e+06
7.294778862026171759e+06
7.527220048246142454e+06
1.046629500972085632e+07
7.150701251573631540e+06
8.958194473966883495e+06
8.583030336127184331e+06
7.295626272526623681e+06
7.240040051382092759e+06
8.581866999974906445e+06
1.145031835468051955e+07
9.357222590292358771e+06
1.013717364078769647e+07
1.038420347439047508e+07
1.532621601569968835e+07
8.411863458531014621e+06
7.547290546741701663e+06
8.128917400178252719e+06
1.032659938927902840e+07
7.745633546453446150e+06
1.015346550373228453e+07
7.414987120319616981e+06
9.116638460037630051e+06
1.034386246191854589e+07
7.785590268814556301e+06
8.649916228554211557e+06
8.837707449084609747e+06
1.221378860171572864e+07
9.812700069867614657e+06
8.605756498192189261e+06
1.300598276076668687e+07
1.086204640636456013e+07
9.822117835890332237e+06
1.207531166823496856e+07
1.279490711090673320e+07
1.247978460097879358e+07
1.420710782531071268e+07
1.294953874938677065e+07
1.309729816437004320e+07
1.455927352303225361e+07
1.404252487545845099e+07
1.165278841518565826e+07
1.331748315971938334e+07
1.080907316830842756e+07
1.365467442346743494e+07
1.127542935083176196e+07
1.178188842043510266e+07
1.647010857140408829e+07
1.646357156973071210e+07
1.432602233220958523e+07
1.416178027537643351e+07
1.964461278491913155e+07
1.648318798566651344e+07
1.775757405540313199e+07
1.651339981023064256e+07
2.143689035488399863e+07
1.965584934518784285e+07
1.726451089763401076e+07
2.401519704973899573e+07
2.379254783087115362e+07
2.138334351551011950e+07
2.399997061521564797e+07
2.196783142679502815e+07
2.041453807665670291e+07
3.509887737942080200e+07
2.268795520911609754e+07
1.890486327921683714e+07
2.448231785942230746e+07
2.347443299906860292e+07
2.199610156504075229e+07
3.553110444224598259e+07
2.979720753156521916e+07
4.018848540911313891e+07
2.972366768906112760e+07
3.461446200847349316e+07
3.457774379462473840e+07
3.601219331399923563e+07
3.856648598517299443e+07
2.653554867715289071e+07
3.519181641902898252e+07
3.197571916712390259e+07
3.069990161241249368e+07
4.152789097943958640e+07
3.374159412829760462e+07
5.471633043208462000e+07
4.699123704857562482e+07
5.742588595018932223e+07
4.971365194669053704e+07
4.529389737290754169e+07
6.372931597722432762e+07
6.855677181633171439e+07
8.168016556257387996e+07
7.159294664876389503e+07
6.792760618321934342e+07
1.135358257274065763e+08
9.272102894527865946e+07
8.334646611765207350e+07
8.926308222885942459e+07
9.609704967125435174e+07
1.116397108506736457e+08
1.151376697544697970e+08
1.380213193908619583e+08
1.232692115928551108e+08
1.403519756799598634e+08
1.666789723487780988e+08
1.487427935674840212e+08
1.878516990798212886e+08
2.509676194381290376e+08
3.449674028894456625e+08
4.981310615917679667e+08
7.566242980638616085e+08
1.646937945862087965e+09
1.675425150989691019e+09
1.434178854228521347e+10
1.055207916376933594e+11
1.165559064911154175e+11
6.322141483745143890e+10
3.299151248887340546e+10
2.386423222400174332e+10
2.262884856711650467e+10
1.381611726422662544e+10
1.207536287021311378e+10
1.264687194195865059e+10
1.187671339601968384e+10
1.426117740079688263e+10
1.463084057348009682e+10
1.233382063318767357e+10
1.283804070661050224e+10
1.071826692781823349e+10
1.127281097116935158e+10
1.028789438304663277e+10
1.067189001951185036e+10
1.109565513130191040e+10
9.246609846152597427e+09
1.110406129975506020e+10
1.132769717621788597e+10
1.013613695857990456e+10
9.701696488292491913e+09
7.435551798450098991e+09
6.714587826146504402e+09
7.766718134459578514e+09
7.617472738625457764e+09
7.228357124405034065e+09
4.969412416577228546e+09
4.909097120492388725e+09
4.377399197706770897e+09
4.220233185110230923e+09
5.024091401297080994e+09
3.604778781348144054e+09
4.189739919694753647e+09
4.511503397753278732e+09
4.649719747703724861e+09
4.597463356824069023e+09
4.256141799813015938e+09
4.471170890411543846e+09
3.581878924074540615e+09
3.811261504139167309e+09
2.772833176350715160e+09
2.856465610492196560e+09
2.748184652556896687e+09
2.478874596977809429e+09
3.063744852800151348e+09
3.797626749444881439e+09
2.434533049050831795e+09
2.404929359295935154e+09
2.553714948050398350e+09
2.324521632107627392e+09
2.320351804055299282e+09
2.423482966269650459e+09
2.069553505286134720e+09
2.336886930079400063e+09
2.318646975836731434e+09
1.677972089298438072e+09
1.698877961652433872e+09
1.714629166588828087e+09
1.843452513015318871e+09
1.447513591811876297e+09
1.597835632558753490e+09
1.412383239466396809e+09
1.399942542096791267e+09
1.188336107357400894e+09
1.240480364384282351e+09
1.394182416508891106e+09
1.070620002795067072e+09
1.166634195315352201e+09
1.120368823109053135e+09
1.162176452096417904e+09
1.110136155930073738e+09
1.149621565022792339e+09
1.142547142167266130e+09
1.179432047083992243e+09
1.196572668424885511e+09
1.191150659674741507e+09
1.325041596627193451e+09
1.039384628614077568e+09
1.084859797405258894e+09
1.110704781617438316e+09
8.621115880252732038e+08
9.048991928908853531e+08
9.884187260861452818e+08
8.257024022118542194e+08
9.361683025187053680e+08
9.007236761522032022e+08
8.570318653690644503e+08
7.190254386605819464e+08
6.679859905697593689e+08
8.950860387202770710e+08
5.886052816416227818e+08
6.669211678456126451e+08
6.967419599056774378e+08
6.612534976070508957e+08
6.697336892009079456e+08
1.149303003338375330e+09
8.357308067755596638e+08
6.662747472284562588e+08
6.844274779981389046e+08
8.857596674622184038e+08
6.265727644414017200e+08
5.494422955858000517e+08
5.394692660985337496e+08
5.977668084079425335e+08
5.595374929641897678e+08
4.462157301060273647e+08
7.289180813498672247e+08
4.354472847526523471e+08
5.719386914744681120e+08
4.567612470502168536e+08
9.542960397122094631e+08
4.974902450415763855e+08
6.012426073241528273e+08
3.933136731468202472e+08
4.062364562453538179e+08
5.269622329649496675e+08
3.553046115592738986e+08
7.192907374754933119e+08
5.388920050495109558e+08
4.053659540206834674e+08
4.178926402148258686e+08
4.429175181794139743e+08
3.242324017582543492e+08
4.109620039582409263e+08
4.188152875339184999e+08
7.465349472394763231e+08
4.269522460809385180e+08
3.184290415557140708e+08
5.329601079141485095e+08
5.872724176809300184e+08
5.227109013118479848e+08
4.913186188525699377e+08
3.613828796969031096e+08
5.906073360581604242e+08
1.103079452548652411e+09
3.222161325608968735e+08
4.049535975793448687e+08
3.333519535523988605e+08
3.051305489497797489e+08
6.032793868734878302e+08
3.132229833182789087e+08
7.185842161271553040e+08
1.167657386659976006e+09
4.758763502633236051e+08
4.056851198156864643e+08
3.872369262306897044e+08
2.826518242841179371e+08
5.082181282882017493e+08
2.959696237500602603e+08
3.503969369992321730e+08
2.980545736437978745e+08
5.420762384109885693e+08
4.212632898469263911e+08
2.897631988733286262e+08
4.259955968984418511e+08
5.260427476611133814e+08
4.578403826187644005e+08
4.367728453677718043e+08
2.582353070131146908e+08
7.962759643013892174e+08
3.675859917810525894e+08
2.615174912730515003e+08
3.191599466926213503e+08
4.927182733211138248e+08
2.821454227456744909e+08
2.272631271947249770e+08
3.258337164016638398e+08
3.728783562114082575e+08
2.843792864735406041e+08
2.501394217095378339e+08
2.935461266225422025e+08
6.006084988323402405e+08
2.408080231539529860e+08
3.690496035437182188e+08
3.305552561198167801e+08
3.304766063931317329e+08
2.919830533932278752e+08
2.531509982802300155e+08
2.930180263963686824e+08
5.639071003019877672e+08
2.291232701808084249e+08
7.551979948151923418e+08
3.560780276707850695e+08
3.501416727719133496e+08
3.370877650402342081e+08
3.879609477578649521e+08
2.952210621813650131e+08
2.592545203996069133e+08
7.910317308265070915e+08
2.869258094061702490e+08
3.455514413917236924e+08
3.285257250740214586e+08
2.660580209823076129e+08
3.620700041613009572e+08
3.329436553997926712e+08
4.131892100652848482e+08
2.880541575506739616e+08
4.806406746327270865e+08
6.401564811248093843e+08
3.016121172019753456e+08
2.461702563752157092e+08
2.891516825223207474e+08
4.499547306954522133e+08
7.309815546719052792e+08
8.223164505550848246e+08
6.390119505659000874e+08
3.665666779372027516e+08
5.509074242544320822e+08
3.151299905697257519e+08
4.451167279676042199e+08
2.587345782052830458e+08
2.452548377722176313e+08
3.107702694636470675e+08
2.854504845987591147e+08
2.428354733790097833e+08
2.337648167766942680e+08
3.288827187367037535e+08
3.462249373442678452e+08
3.131260886032789946e+08
2.796359997718827128e+08
2.899808361416029930e+08
3.015083185505093336e+08
4.127477240046983957e+08
2.387670276103601158e+08
2.385523712333889306e+08
3.305648568011460900e+08
3.312518785173860788e+08
3.055235880216978192e+08
2.781648903462139964e+08
3.244569887481018901e+08
2.796772401235159636e+08
2.588699178613532186e+08
6.581762770881891251e+08
2.107834213478545547e+08
3.485008920239912868e+08
4.980054678538600206e+08
2.418768953602431417e+08
5.266155259732480645e+08
2.150122121456371844e+08
2.517299983272274137e+08
2.418840782738177478e+08
4.693658038119212985e+08
2.255077054340814948e+08
1.618522410324089766e+09
2.865338205553038716e+08
4.488919160494661927e+08
2.785189367143677473e+08
3.207478229718263149e+08
5.887569119826612473e+08
3.901619261623664498e+08
3.022232279870142937e+08
2.583499150918702185e+08
6.916170490020223856e+08
2.583499040243792236e+08
3.022232292680212259e+08
3.901622062198712230e+08
5.887569130377650261e+08
3.207480987872048020e+08
2.785189361983660460e+08
4.488919166996661425e+08
2.865338135629530549e+08
1.618522410248644114e+09
2.255077051335344017e+08
4.693658025547433496e+08
2.418840724036760032e+08
2.517301833453316391e+08
2.150122171976752579e+08
5.266155237494218349e+08
2.418768879216516018e+08
4.980054359811928272e+08
3.485012836100851893e+08
2.107834337143090069e+08
6.581762773904073238e+08
2.588699282605662644e+08
2.796772359864788055e+08
3.244569824696895480e+08
2.781648915225989223e+08
3.055235857327077389e+08
3.312518785484185815e+08
3.305648568029181361e+08
2.385524658491075337e+08
2.387670167287443876e+08
4.127477190038930178e+08
3.015083187085869312e+08
2.899810638203781247e+08
2.796358479692674875e+08
3.131260845347783566e+08
3.462246822964069843e+08
3.288827230024111271e+08
2.337648069377220571e+08
2.428354828295259774e+08
2.854504758678805828e+08
3.107704968623535633e+08
2.452548367970468700e+08
2.587345730460511446e+08
4.451170512143917680e+08
3.151299939517351389e+08
5.509073021033397913e+08
3.665670930616433620e+08
6.390119510157363415e+08
8.223164519178887606e+08
7.309815546907663345e+08
4.499514408376823068e+08
2.891516836661119461e+08
2.461704206696965098e+08
3.016123402242519259e+08
6.401564536494050026e+08
4.806406753302682042e+08
2.880541615151445866e+08
4.131895136345328689e+08
3.329436541703780890e+08
3.620700079821320772e+08
2.660581572053280771e+08
3.285257265963868499e+08
3.455514418953483701e+08
2.869259263081564903e+08
7.910317297209041119e+08
2.592545076597081721e+08
2.952210587536820173e+08
3.879610398539062738e+08
3.370877094330447912e+08
3.501416201382656693e+08
3.560780310030456781e+08
7.552016463192154169e+08
2.291232756078810990e+08
5.639070664453067780e+08
2.930180295341442227e+08
2.531509978886695504e+08
2.919828070035352707e+08
3.304763551296526790e+08
3.305550481967808008e+08
3.690501963701005578e+08
2.408080386088742316e+08
6.006085000453776121e+08
2.935461250004985929e+08
2.501394318934702873e+08
2.843793415347001553e+08
3.728783966834243536e+08
3.258336532842663527e+08
2.272631310475679934e+08
2.821454283624995351e+08
4.927182702030475736e+08
3.191599404120325446e+08
2.615174952447125316e+08
3.675859963678257465e+08
7.962796370319515467e+08
2.582352938336495757e+08
4.367725261476546526e+08
4.578403823522925973e+08
5.260425751680161357e+08
4.259956015360207558e+08
2.897632050968649387e+08
4.212632883484849334e+08
5.420762341558264494e+08
2.980545766864868402e+08
3.503969804482945800e+08
2.959696167817042470e+08
5.082179908900094628e+08
2.826518879575452805e+08
3.872366469964746237e+08
4.056850772462546825e+08
4.758763440352882147e+08
1.167657388138446808e+09
7.185842166965305805e+08
3.132229724037017822e+08
6.032793873732632399e+08
3.051305564591125846e+08
3.333519465328368545e+08
4.049534930944006443e+08
3.222162448214417100e+08
1.103079454537497759e+09
5.906073361772981882e+08
3.613830737905599475e+08
4.913186186871268749e+08
5.227109004745363593e+08
5.872724241993873119e+08
5.329601111197564602e+08
3.184290538852118254e+08
4.269521850854324102e+08
7.465349551501367092e+08
4.188152864134719968e+08
4.109619952331885099e+08
3.242323937246808410e+08
4.429177403414491415e+08
4.178925282100608349e+08
4.053656590464665890e+08
5.388920612310935259e+08
7.192907401729670763e+08
3.553046106131430268e+08
5.269622335012381077e+08
4.062362204591236115e+08
3.933135707329858541e+08
6.012426102584369183e+08
4.974902457674452066e+08
9.542960718740659952e+08
4.567611884014459848e+08
5.719388008498358727e+08
4.354470286784743071e+08
7.289180824533696175e+08
4.462157338039486408e+08
5.595374729238636494e+08
5.977668154602771997e+08
5.394692598793003559e+08
5.494422417374294996e+08
6.265727137958934307e+08
8.857596640034463406e+08
6.844272981378401518e+08
6.662747683208467960e+08
8.357308087915878296e+08
1.149306139905225754e+09
6.697338575875099897e+08
6.612535831716265678e+08
6.967419598871228695e+08
6.669211560724699497e+08
5.886052796383581161e+08
8.950860530325242281e+08
6.679859735595959425e+08
7.190254041062612534e+08
8.570320094211653471e+08
9.007236778667854071e+08
9.361683642980165482e+08
8.257023470406541824e+08
9.884187333199404478e+08
9.048990306914093494e+08
8.621115899588590860e+08
1.110704782214197874e+09
1.084859865179086447e+09
1.039384684170365095e+09
1.325041665015897751e+09
1.191150633743428469e+09
1.196572702438415051e+09
1.179431944956807375e+09
1.142547184862857580e+09
1.149621693211596966e+09
1.110136097553752422e+09
1.162176469299381018e+09
1.120368894088342428e+09
1.166634250000605822e+09
1.070619922048608780e+09
1.394182567392642498e+09
1.240480354592249393e+09
1.188336026969892502e+09
1.399942559055573940e+09
1.412383257214871883e+09
1.597835598984622717e+09
1.447513536488779306e+09
1.843452440628076792e+09
1.714629231147023201e+09
1.698876993249608040e+09
1.677972091071040869e+09
2.318647015328877449e+09
2.336886808974826813e+09
2.069553524572762012e+09
2.423483011135532856e+09
2.320351837538308144e+09
2.324520892501213551e+09
2.553714983643200874e+09
2.404928598537632942e+09
2.434533131378582954e+09
3.797626788230409622e+09
3.063744854752004623e+09
2.478874703566905022e+09
2.748184623452365398e+09
2.856465685794909000e+09
2.772833150185292244e+09
3.811261507738256931e+09
3.581878498045479298e+09
4.471170937451036453e+09
4.256141827553683281e+09
4.597464599771198273e+09
4.649718973998755455e+09
4.511504299083827972e+09
4.189739989009310722e+09
3.604778874288616180e+09
5.024091450845352173e+09
4.220233202659314156e+09
4.377399173051456451e+09
4.909097406162853241e+09
4.969412417195092201e+09
7.228357136546003342e+09
7.617473309025889397e+09
7.766718271155927658e+09
6.714587816938406944e+09
7.435551796683247566e+09
9.701696409580684662e+09
1.013613675337721634e+10
1.132769807800237465e+10
1.110406081450829887e+10
9.246609870723617554e+09
1.109565370541309929e+10
1.067189025374937057e+10
1.028789550898037910e+10
1.127281270547125053e+10
1.071826749350166893e+10
1.283804048988277817e+10
1.233382098712783813e+10
1.463083958661081886e+10
1.426117787383355522e+10
1.187671376333625412e+10
1.264687278854541779e+10
1.207536366036648941e+10
1.381611724539814949e+10
2.262884847762129974e+10
2.386423294817839432e+10
3.299151327862768173e+10
6.322142977939567566e+10
1.165559204514909210e+11
1.055207922372117462e+11
