9.117917205980347353e+04
6.246078011700746138e+05
8.145612693504327908e+05
4.271105055085671484e+05
3.126374515432388289e+05
1.988707048591100029e+05
1.522670711635044718e+05
1.458745101226716361e+05
1.084273084924420691e+05
1.051371319998208928e+05
9.499417013446716010e+04
8.976505648088059388e+04
7.991299490504477581e+04
7.787868098442238988e+04
8.365170026536402293e+04
7.783125867446268967e+04
4.382910801712835382e+04
5.025216308549103996e+04
5.518230957807909726e+04
4.740859358794029686e+04
4.105048157789104152e+04
4.851232776345104503e+04
4.778677886853880045e+04
5.581088445156568196e+04
4.042766559310343291e+04
2.558237939025730884e+04
3.233821975536865648e+04
3.427347721765384631e+04
2.645401915468059815e+04
5.316626653393491142e+04
3.966087534187178971e+04
2.372047771888704301e+04
1.866898735291910634e+04
1.539373809912238903e+04
1.631502445298298517e+04
1.503181751521970000e+04
1.869221627629984869e+04
1.537046290050238713e+04
2.179425275267985126e+04
1.856683461091193749e+04
1.668830020587328545e+04
3.060779150187984851e+04
3.550714679581164091e+04
1.797441384092178851e+04
1.385710596488888223e+04
1.274224702758806052e+04
1.867384453801179188e+04
1.229452194527686515e+04
1.292893377649074682e+04
1.347843363879701428e+04
7.375586850814926038e+03
1.847272231393313632e+04
1.235446611780372950e+04
9.113166631707461420e+03
1.244243255387134377e+04
1.251174565688761140e+04
8.770215413741641896e+03
8.081960617545074456e+03
1.029637081611209032e+04
8.329484021688207577e+03
8.337260127713312613e+03
9.264306988217016624e+03
8.941692866563731513e+03
8.256758657890446557e+03
1.006241313169476052e+04
9.832617947272716265e+03
7.056800001463477201e+03
5.534536067987029128e+03
7.259352760348463562e+03
5.341400136604327599e+03
5.479288265640447207e+03
5.689317773086118905e+03
6.440674865840686834e+03
7.167271267311583870e+03
6.815180287417782893e+03
5.068957635322686656e+03
6.945510972757397212e+03
6.739955573101567097e+03
6.217974561612195430e+03
5.509359206421343515e+03
4.380635864749388020e+03
4.170567078336119266e+03
4.998068549366716070e+03
6.577362536404879393e+03
5.985115820553553021e+03
4.336707710980197589e+03
3.969776905603731848e+03
4.648694384992549203e+03
4.606343661078328296e+03
4.066432647975313103e+03
3.382587813925537375e+03
3.281757116608955585e+03
3.945055076841388200e+03
3.596439504578791457e+03
3.222431321696358737e+03
3.193608363065075082e+03
4.472283429500731472e+03
3.861256864567163575e+03
3.512400578149761259e+03
3.122168895300298573e+03
2.905597393600492524e+03
2.791795154865074892e+03
3.127619770146148767e+03
2.989177037373749044e+03
2.512736415723134542e+03
2.633373060865880689e+03
3.006993277384940029e+03
2.406113238510298288e+03
2.805155532634149495e+03
1.906630231704626794e+03
2.516624749651000002e+03
2.496552136212492769e+03
2.139858271234964832e+03
1.917648912459851090e+03
2.570158406708528673e+03
1.748301282999358364e+03
1.702864456755522724e+03
1.754202287555581961e+03
1.380464915722835940e+03
1.519416207193984974e+03
1.466133416887253816e+03
1.465938709439626791e+03
1.459328391649194145e+03
1.681166726546646260e+03
1.363666892406925399e+03
1.921403456892723625e+03
1.745413042960791245e+03
1.556807126102581833e+03
1.415304547521955101e+03
1.475676584889159813e+03
2.082637309480104250e+03
1.480774789782268726e+03
1.610397692537119383e+03
1.246618423248164163e+03
1.782189077876313604e+03
1.910012838540119446e+03
1.508314397346104215e+03
1.423437355967017766e+03
1.337573198752261078e+03
1.369884959199776176e+03
1.469513662287746229e+03
1.048165805596014934e+03
1.086900100925387960e+03
1.047139013296970234e+03
1.452242207912014692e+03
9.818301202274328716e+02
1.099975279265134077e+03
1.035978889569611965e+03
9.839465990856268718e+02
1.289855354326238967e+03
1.236227966001015147e+03
1.039660473648880497e+03
1.251523011808671754e+03
1.254191445314537305e+03
1.185180968138597109e+03
8.860724051009552795e+02
1.153354907126238913e+03
9.765118821459492437e+02
1.336493874182970103e+03
1.059711001721776029e+03
9.400442185668656521e+02
1.301822550218722427e+03
1.254725971820477525e+03
9.710574722676016108e+02
1.055782015181993984e+03
9.736440360302386807e+02
1.148064850778031314e+03
1.348337428508835956e+03
9.725896941888239553e+02
1.346998264657068603e+03
9.534614570698506668e+02
8.350607469984328191e+02
1.151922630316507593e+03
1.280318763130656635e+03
9.174046985357759922e+02
1.024666311239641800e+03
8.775341545029101553e+02
8.565823846195477245e+02
9.127830486733059843e+02
1.036625092206146064e+03
8.373006184840447759e+02
9.281753892362388569e+02
8.885762189820895856e+02
8.855323727964134832e+02
8.012616778726866187e+02
9.506676141661506563e+02
1.082777289132582155e+03
8.174713789738312926e+02
9.500250684374208276e+02
8.456350734273163425e+02
8.863305108633880991e+02
8.900750758153689048e+02
1.071464269693023880e+03
1.384369156988546365e+03
1.074468550112208959e+03
8.429384219832941199e+02
7.207722678139850814e+02
1.067703219078071470e+03
6.117340058545911461e+02
8.251503728980446795e+02
7.436214005203983106e+02
9.068578355714597592e+02
9.180845144242709921e+02
7.230544004757612129e+02
8.229058351062088832e+02
6.202167768915716124e+02
7.094368642481030065e+02
7.674957281808557354e+02
6.567576666364477660e+02
6.467366268634149264e+02
7.698054818010311919e+02
8.148784465579402649e+02
7.623238334437164667e+02
7.667451376676910968e+02
8.622376214841865476e+02
8.455213013059318428e+02
7.436094467291064802e+02
1.477318923101413702e+03
9.316313047178628040e+02
6.645424251491506311e+02
6.045559974704448223e+02
6.057732046012970386e+02
5.622485959742447221e+02
5.692710969342836052e+02
7.015965075831059039e+02
9.911342798664015845e+02
1.023400907436492389e+03
5.990592416244355718e+02
1.033912707646254830e+03
7.274285309272293034e+02
6.571681243611187710e+02
9.248347892186152421e+02
7.815755978782999591e+02
6.863983263297139956e+02
1.275864048992737480e+03
9.018193435946328691e+02
9.251973189450122845e+02
6.816905051197418288e+02
6.980321268261359364e+02
1.038056145442893921e+03
7.047021519138156691e+02
9.449985407881993069e+02
1.203463456777773217e+03
1.328899768928319418e+03
8.516611509177411108e+02
9.488969199536578571e+02
8.695731736251996153e+02
6.030610611936212990e+02
1.133653321242915808e+03
6.653473110155910035e+02
7.293536423631261414e+02
8.974835079258289170e+02
1.101608958473864050e+03
8.829073913001924439e+02
7.970329615850672553e+02
7.037316691271033733e+02
7.273383206474363760e+02
7.037317845964713570e+02
7.970338610336184502e+02
8.829074627312536450e+02
1.101610368708708847e+03
8.974835264956540186e+02
7.293535406164701271e+02
6.653480015023550322e+02
1.133653150037672276e+03
6.030614243494850371e+02
8.695731415604859649e+02
9.488971317738670450e+02
8.516611796083479931e+02
1.328900228543599042e+03
1.203463569484171558e+03
9.449987802266412018e+02
7.047022476693432509e+02
1.038056044865220883e+03
6.980320008919238717e+02
6.816906540027089250e+02
9.251975613986635381e+02
9.018194335874329681e+02
1.275864035719665708e+03
6.863982414450274518e+02
7.815755492395940109e+02
9.248347203440787325e+02
6.571681143793532556e+02
7.274284930873806161e+02
1.033912525168935645e+03
5.990594369416827476e+02
1.023401084690595553e+03
9.911343016085556883e+02
7.015965504280313780e+02
5.692711250674343546e+02
5.622489106097269769e+02
6.057731309583687107e+02
6.045560732806761735e+02
6.645425387998614042e+02
9.316313750103848861e+02
1.477318632590308880e+03
7.436095183190665239e+02
8.455213238064658299e+02
8.622377949340000214e+02
7.667451890484627484e+02
7.623236011920149622e+02
8.148785402291492801e+02
7.698053327818373646e+02
6.467367196369716567e+02
6.567577504652283551e+02
7.674956074172047238e+02
7.094367860806642057e+02
6.202172005135581685e+02
8.229056838525073090e+02
7.230545104388804702e+02
9.180846919929487058e+02
9.068579177120178656e+02
7.436212264646761696e+02
8.251505699784792114e+02
6.117340224931953117e+02
1.067703724035681944e+03
7.207722644255073874e+02
8.429384233104746045e+02
1.074468582765835890e+03
1.384369554695450688e+03
1.071464444711547912e+03
8.900749673112835580e+02
8.863317850595821028e+02
8.456353364240297878e+02
9.500251654271864936e+02
8.174713519863000784e+02
1.082777493448641735e+03
9.506679458463042920e+02
8.012617175014328268e+02
8.855324856839478116e+02
8.885759778152091712e+02
9.281752246722387554e+02
8.373005200805672530e+02
1.036625189234507388e+03
9.127829135908909848e+02
8.565823449091134307e+02
8.775340535670025019e+02
1.024666167528776214e+03
9.174051066532090317e+02
1.280318904620567082e+03
1.151922370274447758e+03
8.350609782740001492e+02
9.534612643430148182e+02
1.346998337804607445e+03
9.725895803448283914e+02
1.348337560673283633e+03
1.148065194368159609e+03
9.736440436952983646e+02
1.055782115379046445e+03
9.710574941831418982e+02
1.254725835378716283e+03
1.301822619191640342e+03
9.400443921851939422e+02
1.059709353922179162e+03
1.336493816374492553e+03
9.765119395426269193e+02
1.153355064836492602e+03
8.860724597137462979e+02
1.185181127775910454e+03
1.254191761056447831e+03
1.251522944496149194e+03
1.039660360075880590e+03
1.236227866951313445e+03
1.289855465461596850e+03
9.839464845471238732e+02
1.035978129523925418e+03
1.099975422231522543e+03
9.818297954305373878e+02
1.452242419497611763e+03
1.047138905644741953e+03
1.086899451328305986e+03
1.048166239679895398e+03
1.469513711625477754e+03
1.369885086995044958e+03
1.337573301413425270e+03
1.423437514865131334e+03
1.508314420377596889e+03
1.910012863208671433e+03
1.782189346790447871e+03
1.246618674456358121e+03
1.610398483453656581e+03
1.480774820641582210e+03
2.082636954623029851e+03
1.475677148320367223e+03
1.415304735029417998e+03
1.556806837942537413e+03
1.745412950999537088e+03
1.921403025842410443e+03
1.363666667205746307e+03
1.681167200917395348e+03
1.459328475335910298e+03
1.465938917345000164e+03
1.466133503291253874e+03
1.519416208643029677e+03
1.380464812867656974e+03
1.754202103923403001e+03
1.702864406483716266e+03
1.748301362898015213e+03
2.570158720689358233e+03
1.917649292105701534e+03
2.139858872652415812e+03
2.496552280581656760e+03
2.516624777715178880e+03
1.906630623889850767e+03
2.805155738735611976e+03
2.406113387630895886e+03
3.006993261531865755e+03
2.633372226616835633e+03
2.512736726916417865e+03
2.989177729240000190e+03
3.127620049055686195e+03
2.791793406239253727e+03
2.905597035357433015e+03
3.122168349245776426e+03
3.512400527178478114e+03
3.861259900372985612e+03
4.472283425321344112e+03
3.193608246374327791e+03
3.222433130442209404e+03
3.596440073887313702e+03
3.945054539945403121e+03
3.281758266570745946e+03
3.382587942361358273e+03
4.066432539465300124e+03
4.606343985709821936e+03
4.648693571543097278e+03
3.969777238699104146e+03
4.336709200083311771e+03
5.985114963918254034e+03
6.577363704990701081e+03
4.998068723850059541e+03
4.170567426112238536e+03
4.380636152477596625e+03
5.509358727245522459e+03
6.217976306590340755e+03
6.739955880652761152e+03
6.945511005343790202e+03
5.068955499421044806e+03
6.815181692344055591e+03
7.167273532331852039e+03
6.440674852318999001e+03
5.689316568966715749e+03
5.479289683452238933e+03
5.341400394926597073e+03
7.259352600522505782e+03
5.534538164452044839e+03
7.056800114994715841e+03
9.832617039440447115e+03
1.006241516083059651e+04
8.256757537948209574e+03
8.941692087234627252e+03
9.264306370195374257e+03
8.337260895830075242e+03
8.329487525655820718e+03
1.029637231689447799e+04
8.081961028948507192e+03
8.770218038436119969e+03
1.251174867785880633e+04
1.244243019837209067e+04
9.113164384177613101e+03
1.235446395088343161e+04
1.847272060954178960e+04
7.375587442025523160e+03
1.347843479711641885e+04
1.292893392076984856e+04
1.229452399539596991e+04
1.867384209453760923e+04
1.274224605734925353e+04
1.385710710542679044e+04
1.797441942028224003e+04
3.550715159816865344e+04
3.060779323091223341e+04
1.668829896660492886e+04
1.856683722866417884e+04
2.179424888042522434e+04
1.537046495147820860e+04
1.869221446754223871e+04
1.503181387388596886e+04
1.631502174535507402e+04
1.539374521884328351e+04
1.866898871367433094e+04
2.372048094905680773e+04
3.966087798527925042e+04
5.316626666428701719e+04
2.645402148441343161e+04
3.427347937030289904e+04
3.233821961829104112e+04
2.558238112491999709e+04
4.042766101292283565e+04
5.581088569066552009e+04
4.778678383340895380e+04
4.851232789517880883e+04
4.105047621842985245e+04
4.740857169192090078e+04
5.518230730407164810e+04
5.025218452491344215e+04
4.382911051417163981e+04
7.783126340886566322e+04
8.365170161250687670e+04
7.787867609371492290e+04
7.991299251661193557e+04
8.976505319626865094e+04
9.499416657227462565e+04
1.051371514712835924e+05
1.084273368398823804e+05
1.458745087762387702e+05
1.522670681977627100e+05
1.988707523088468588e+05
3.126374980142387794e+05
4.271105818380149431e+05
8.145613438869999954e+05
6.246076229473133571e+05
1.006628048705970192e+10
6.118366454420895386e+10
9.299957178865672302e+10
5.221626025686566925e+10
3.233985164865671539e+10
2.493560622805970001e+10
1.833824340985074615e+10
1.442106644358209038e+10
1.272452722447761154e+10
1.222011035059701538e+10
1.196166375358209038e+10
1.112376358537313461e+10
1.211158339194029808e+10
9.908558688059701920e+09
1.086762707388059616e+10
1.009986172343283653e+10
9.711869158537313461e+09
8.496461479238805771e+09
8.915537020746269226e+09
7.660651269805970192e+09
6.945112035611940384e+09
6.530557404447761536e+09
6.592414423253731728e+09
5.872142583522388458e+09
5.774214556044775963e+09
4.736317085865672112e+09
4.793053681761194229e+09
5.181927668671641350e+09
4.820094620211940765e+09
4.928289223552238464e+09
3.908619003940298557e+09
4.046184763699999809e+09
3.332689191979104519e+09
3.414331238755223751e+09
3.484022861671641827e+09
3.042278887135820866e+09
3.491875762216417789e+09
3.469253127446268559e+09
3.144301131126865864e+09
3.010882774728358269e+09
2.676873715159701347e+09
3.422882925114925385e+09
2.587029442585074425e+09
2.723976502004477501e+09
2.202012167677611828e+09
2.080664963525373220e+09
2.258485690582089424e+09
1.861655796064179182e+09
2.065977045689552307e+09
2.207872461905970097e+09
1.643352842001492500e+09
1.795539546835820913e+09
1.824448875253731251e+09
1.459314231029850721e+09
1.653419684619402885e+09
1.879724708189552307e+09
1.402719528404477596e+09
1.433474362035820961e+09
1.551504173058208942e+09
1.260142898162686586e+09
1.317044834759701490e+09
1.382637702113432884e+09
1.367983081980597019e+09
1.191168854653880596e+09
1.217375833032835722e+09
1.224136264885074615e+09
1.103473962224029779e+09
9.831268564641791582e+08
1.015502306455223918e+09
1.000407407640298486e+09
8.868838705946269035e+08
8.458272495935820341e+08
9.499218721676119566e+08
1.001475517838805914e+09
9.168793301447761059e+08
8.288258372446267605e+08
8.267261064101493359e+08
8.697842101805970669e+08
8.654186408059701920e+08
7.857470881902985573e+08
7.979320790604478121e+08
8.053606555007462502e+08
8.862690914004478455e+08
7.907616077176119089e+08
6.930719393743283749e+08
6.968441393823881149e+08
7.060739857723881006e+08
7.271390136404477358e+08
6.330485503977612257e+08
6.072424446941790581e+08
5.960533761253731251e+08
5.899767538132835627e+08
6.170909387132836580e+08
5.454162664959702492e+08
4.986315790683581829e+08
4.827088265029850602e+08
4.753882527852238417e+08
4.615154783759701848e+08
4.483528167501491904e+08
4.273208797995522618e+08
4.167109233308955431e+08
4.063728144355224371e+08
4.004478282386566997e+08
4.016209895701492429e+08
3.813960065622388124e+08
3.448906839294030070e+08
3.261346824728358388e+08
3.323697258750746250e+08
3.314236643950746655e+08
3.253849405229851007e+08
3.190739639928358197e+08
3.005873908164179325e+08
3.187555581416418552e+08
2.928421832465671897e+08
3.397352391865671873e+08
3.108266413838806152e+08
2.921252880767164826e+08
2.706698977282089591e+08
2.514254748453731835e+08
2.649343806670149565e+08
2.552348945970149338e+08
2.522219390816418231e+08
2.561036245799999535e+08
2.489027389895522296e+08
2.469101102514925301e+08
2.494777174462686479e+08
2.340798933856716752e+08
2.331074125646268427e+08
2.335869224613432884e+08
2.315954252225373089e+08
2.376189273294030130e+08
2.349494779846268892e+08
2.294953635017910600e+08
2.266084113389551938e+08
2.236688012014925480e+08
2.203042330656716526e+08
2.224626558059701622e+08
2.197560756259701550e+08
2.098969414173133969e+08
2.057226414761193991e+08
2.027572529434328377e+08
2.036560423705970049e+08
1.980279185077611804e+08
1.969401775243283510e+08
1.968170803468656540e+08
2.077503403394030333e+08
2.433614785250746012e+08
1.997178240389552414e+08
1.972296116528358161e+08
1.922092751380597055e+08
1.814496657616417706e+08
1.791066195613432825e+08
1.833499732591044903e+08
1.858363034674626887e+08
1.851472540379104316e+08
1.777691063650746346e+08
1.760538560826865435e+08
1.747197908310447931e+08
1.825122150291044712e+08
1.884153104770149291e+08
1.628438650301492512e+08
1.666320798791044652e+08
1.684092534510447681e+08
1.572436767110447586e+08
1.640790295453731120e+08
1.642064642685074508e+08
1.579870756746268570e+08
1.612068128165671825e+08
1.560421145802985132e+08
1.520895343970149159e+08
1.569995429405223727e+08
1.605279330765671432e+08
1.538448804916865528e+08
1.519062453013432622e+08
1.541351610174179375e+08
1.507336805120148957e+08
1.476833779897313416e+08
1.505870187073134184e+08
1.631259933321343362e+08
1.570809231075522304e+08
1.450758521879552007e+08
1.412760210202835798e+08
1.462165274605223835e+08
1.355079506404775977e+08
1.294781267809701562e+08
1.325736586431044787e+08
1.356983182031343281e+08
1.258271604629999846e+08
1.343189931906268597e+08
1.334632837509403080e+08
1.256384275027462691e+08
1.233437259005970359e+08
1.224127215093432963e+08
1.240380938718806058e+08
1.271340237762537301e+08
1.168803048590746224e+08
1.126152640858656764e+08
1.128925057774925530e+08
1.162214349227761179e+08
1.113281276764775962e+08
1.067614335787462592e+08
1.026608712973432839e+08
1.035715225367164314e+08
1.013884440039552152e+08
1.001494377189999968e+08
1.044511962766417712e+08
9.774005657971642911e+07
9.735950548268656433e+07
9.287485629104477167e+07
9.285236719201491773e+07
9.253976660120896995e+07
9.523335086555223167e+07
1.001361514609403014e+08
8.978395885122388601e+07
8.646899100052239001e+07
8.987523186822386086e+07
9.152100893823879957e+07
1.008912441680895537e+08
9.594429150470149517e+07
8.553691667782089114e+07
8.851305958680596948e+07
9.026708176874627173e+07
8.628636905414925516e+07
8.762141160740298033e+07
8.854059862876118720e+07
8.390698544755223393e+07
8.362411266734327376e+07
8.174454628670148551e+07
8.139121681401492655e+07
8.038163777428358793e+07
8.371262221129851043e+07
8.970793264476118982e+07
8.403497087001493573e+07
8.401945503486567736e+07
7.951281722859701514e+07
8.253225396664178371e+07
7.754471836531344056e+07
8.027521262071640790e+07
7.778555207576118410e+07
7.558067162092536688e+07
7.978289291920895875e+07
8.129050510494031012e+07
7.785214782167164981e+07
8.287315146692536771e+07
7.659723347883580625e+07
8.042277367695522308e+07
7.613003060422387719e+07
7.420600562453731894e+07
7.977329463491044939e+07
7.975580753367164731e+07
7.726406401073135436e+07
7.434188392807462811e+07
7.843640536938805878e+07
7.691733129677613080e+07
8.231751306426864862e+07
7.739789616189552844e+07
9.826914600819404423e+07
7.739788491305969656e+07
8.231751435876119137e+07
7.691733454473134875e+07
7.843640657467164099e+07
7.434189159043283761e+07
7.726406792658208311e+07
7.975579868071642518e+07
7.977329857047761977e+07
7.420601007697014511e+07
7.613003526767162979e+07
8.042277708737313747e+07
7.659723764440298080e+07
8.287314926250746846e+07
7.785215321241791546e+07
8.129050973579104245e+07
7.978290984673133492e+07
7.558066921777611971e+07
7.778554908513432741e+07
8.027522600497014821e+07
7.754471772905969620e+07
8.253227106122389436e+07
7.951280981495523453e+07
8.401947330267164111e+07
8.403498008419401944e+07
8.970793317152237892e+07
8.371262026956716180e+07
8.038163813731342554e+07
8.139122111032836139e+07
8.174454876050746441e+07
8.362411949034328759e+07
8.390698849326866865e+07
8.854059613029849529e+07
8.762140633114925027e+07
8.628636584953731298e+07
9.026708533504477143e+07
8.851306182967165112e+07
8.553691309546267986e+07
9.594429389249253273e+07
1.008912437888806015e+08
9.152100922932834923e+07
8.987523170944777131e+07
8.646899682471641898e+07
8.978394209362687171e+07
1.001361468960298598e+08
9.523333630170148611e+07
9.253976562214924395e+07
9.285236769964179397e+07
9.287485004119403660e+07
9.735951079328358173e+07
9.774005467047761381e+07
1.044512002193283588e+08
1.001494219706417918e+08
1.013884524849999994e+08
1.035715235777612031e+08
1.026608571534477621e+08
1.067614345636417866e+08
1.113281341703731269e+08
1.162214183630596995e+08
1.128925083194179237e+08
1.126152651978059709e+08
1.168803176616417766e+08
1.271340395047014803e+08
1.240380963705820739e+08
1.224127219427910447e+08
1.233437248689104617e+08
1.256384280016417950e+08
1.334632927879701555e+08
1.343189871162984967e+08
1.258271620379403234e+08
1.356983284918209016e+08
1.325736680134029984e+08
1.294781260290447921e+08
1.355079446866268814e+08
1.462165438327761292e+08
1.412760159350746274e+08
1.450758546622985005e+08
1.570809388954925239e+08
1.631259906854179204e+08
1.505869801312089562e+08
1.476833876397313476e+08
1.507336840824626982e+08
1.541351572953283489e+08
1.519062532284925282e+08
1.538448702663134336e+08
1.605279395652239025e+08
1.569995434185821116e+08
1.520895327952238917e+08
1.560421093707462549e+08
1.612068199507462680e+08
1.579870916270149350e+08
1.642064727716417909e+08
1.640790345702985227e+08
1.572436749329850972e+08
1.684092515855223835e+08
1.666321110631343424e+08
1.628438526691044569e+08
1.884152981226865947e+08
1.825122203786567450e+08
1.747198130765671730e+08
1.760538607002984881e+08
1.777691078947761059e+08
1.851472568361193836e+08
1.858363120719403028e+08
1.833499533067164123e+08
1.791066157134328485e+08
1.814496807968656719e+08
1.922092756180597246e+08
1.972295944465671480e+08
1.997178141034328640e+08
2.433614802295522094e+08
2.077503425917910337e+08
1.968170819683582187e+08
1.969401959740298688e+08
1.980279020020895302e+08
2.036560609462686479e+08
2.027572356305970252e+08
2.057226476716417968e+08
2.098969319207462668e+08
2.197560675705969930e+08
2.224626483152239025e+08
2.203042336943283677e+08
2.236687986852238774e+08
2.266084118671641648e+08
2.294953689026865363e+08
2.349494984667164385e+08
2.376189420713432729e+08
2.315954448180597126e+08
2.335869211688059866e+08
2.331073891007462740e+08
2.340798920101492405e+08
2.494777018494029939e+08
2.469101140055224001e+08
2.489027399141791165e+08
2.561036292183581889e+08
2.522219572828358114e+08
2.552349009377611876e+08
2.649343753610448241e+08
2.514254976095522642e+08
2.706698863805969954e+08
2.921253153083581924e+08
3.108266597050746679e+08
3.397352383298507333e+08
2.928421832629851103e+08
3.187555644649253488e+08
3.005874069447761178e+08
3.190739714452238679e+08
3.253849591692537665e+08
3.314236804698507190e+08
3.323697200022388101e+08
3.261346822791044712e+08
3.448907126323880553e+08
3.813960635071641803e+08
4.016209604405970573e+08
4.004478314044775963e+08
4.063728014817910790e+08
4.167109315920895934e+08
4.273209084623880386e+08
4.483528140649253726e+08
4.615155264968656898e+08
4.753882571494029760e+08
4.827088298179104328e+08
4.986315905207462907e+08
5.454163125704478025e+08
6.170909331759701967e+08
5.899767266759701967e+08
5.960534151371642351e+08
6.072424278419402838e+08
6.330485900082089901e+08
7.271390195944775343e+08
7.060740051486567259e+08
6.968441069928358793e+08
6.930719114817911386e+08
7.907615869013433456e+08
8.862691330705970526e+08
8.053606807082089186e+08
7.979320971679104567e+08
7.857471073261194229e+08
8.654186771850745678e+08
8.697842060313433409e+08
8.267261106252237558e+08
8.288258900610445738e+08
9.168793189776118994e+08
1.001475600864179134e+09
9.499218889044775963e+08
8.458271916446267366e+08
8.868838762055222988e+08
1.000407408567164183e+09
1.015502328174626827e+09
9.831268396316417456e+08
1.103473968479403019e+09
1.224136390188059807e+09
1.217375864391044855e+09
1.191168800594179153e+09
1.367982948846268654e+09
1.382637715305970192e+09
1.317044866249253750e+09
1.260142907149253845e+09
1.551504235162686586e+09
1.433474315740298510e+09
1.402719569226865768e+09
1.879724554292537212e+09
1.653419627605970144e+09
1.459314204440298557e+09
1.824448926355223894e+09
1.795539549079104424e+09
1.643352875792537212e+09
2.207872392222388268e+09
2.065977029719403028e+09
1.861656045900000095e+09
2.258485671044775963e+09
2.080665006674626827e+09
2.202012257543283463e+09
2.723976742602984905e+09
2.587029403243283749e+09
3.422882993771641731e+09
2.676873692920895576e+09
3.010883361743283749e+09
3.144300614753731251e+09
3.469253407476119518e+09
3.491875459679104328e+09
3.042278804882089615e+09
3.484022991686567307e+09
3.414331800561193943e+09
3.332689117501492500e+09
4.046184435492537498e+09
3.908619023656716347e+09
4.928289476089551926e+09
4.820094608420895576e+09
5.181927757044775963e+09
4.793053839850746155e+09
4.736317487820895195e+09
5.774214484552238464e+09
5.872142163970149040e+09
6.592414595194029808e+09
6.530557153701492310e+09
6.945111952179104805e+09
7.660651125029850960e+09
8.915536877313432693e+09
8.496461928343283653e+09
9.711869627492536545e+09
1.009986159074626923e+10
1.086762743358209038e+10
9.908559002985074997e+09
1.211158287104477692e+10
1.112376372268656731e+10
1.196166438059701538e+10
1.222011133865671730e+10
1.272452815283582115e+10
1.442106716000000000e+10
1.833824360820895386e+10
2.493560933253731155e+10
3.233985381119403076e+10
5.221626583895522308e+10
9.299957787805970764e+10
6.118365778256716156e+10
