3.056773132017396856e+05
2.261851216179277282e+06
2.298891778453273699e+06
1.249373083630040055e+06
1.023655177385699353e+06
4.594365318232790451e+05
3.803002632580847130e+05
4.477538987937903148e+05
3.246451787444046349e+05
3.453508617092372151e+05
2.921435577269072528e+05
4.023069640473948675e+05
3.279454186744492617e+05
3.071035781915876432e+05
3.169149121626070701e+05
3.797828062002353254e+05
1.596031859549955698e+05
2.115272428698463191e+05
3.240609392820612411e+05
2.208001103791607893e+05
1.859215609558866126e+05
2.535716770080642600e+05
2.289494514684418100e+05
4.732178375199068687e+05
3.037717931976537220e+05
1.117418723911021079e+05
1.714092106625053275e+05
1.669776432630467752e+05
1.160582040747137216e+05
3.946558141058674082e+05
5.049421286875396036e+05
9.198944502275566629e+04
8.086304394849376695e+04
6.125432059143701190e+04
6.517850815261305979e+04
5.036397660453091521e+04
7.528473389608571597e+04
5.147620616155475000e+04
1.246210803272134217e+05
8.695598137636594765e+04
7.599195387591270264e+04
1.820339654721402621e+05
3.306244589509713696e+05
9.567964108592639968e+04
5.069917832164440915e+04
5.861918694935307576e+04
1.164369725723674346e+05
5.167373525033618353e+04
1.071664216109664412e+05
6.930077582122368040e+04
2.070485068336307086e+04
1.449891237415271462e+05
6.768990728800586658e+04
2.925398369331923823e+04
5.232902215468681970e+04
5.334433249144750880e+04
3.446516734911258391e+04
2.532610053211860577e+04
4.312376253713065671e+04
3.247749020678839224e+04
2.985635808447625823e+04
3.297503803317779966e+04
2.651343789831820686e+04
3.130452085191743754e+04
4.872902526288118679e+04
5.414018179681996844e+04
2.287469642307313188e+04
1.625269581028224275e+04
2.891307336387982286e+04
1.502094399463316040e+04
2.073139869452501080e+04
2.638652830711259594e+04
3.125107598006864646e+04
3.283105109138401167e+04
3.466718451312123216e+04
1.809934084116996746e+04
3.905247545359341893e+04
2.467529634556079327e+04
3.270727355584042743e+04
1.722943643717510713e+04
1.414504055597548540e+04
1.570473783454708428e+04
1.898677408636331165e+04
2.124535468569186560e+04
3.537077014316967689e+04
1.365423061875005806e+04
1.077851478321738432e+04
1.722860642854889375e+04
1.575318132231664094e+04
1.688765860903290741e+04
1.058715706650520769e+04
9.585662732076643806e+03
1.167377204691534098e+04
1.603877700323298086e+04
1.135570581483567548e+04
1.133243159954318253e+04
2.113674934135830335e+04
1.372014578002048620e+04
1.641308586717757498e+04
1.124145861693677398e+04
9.316370507976862427e+03
1.083243895875905764e+04
1.055411597984043874e+04
1.465693293112937863e+04
8.942051755649887127e+03
1.134810502743281904e+04
1.560975195281952438e+04
1.134112588798650359e+04
1.108837191455374159e+04
5.456474711938372820e+03
9.840601046404115550e+03
9.243684461851709784e+03
1.382211130292674352e+04
8.022440130123031850e+03
1.173012838175065190e+04
5.686607255291049114e+03
5.696268187486973147e+03
5.617141446537601951e+03
3.979682841446146540e+03
7.765902571958489716e+03
5.959188696406154122e+03
6.710392209362545145e+03
5.621210980928692152e+03
5.561312127184488418e+03
4.526238500947171815e+03
8.434140632173328413e+03
6.939116707424938795e+03
6.960605205538903647e+03
5.568279133942381122e+03
5.777559544457049924e+03
9.081286375350671733e+03
5.422977395815029013e+03
5.428044506300664580e+03
4.710688751259638593e+03
7.997258400572917708e+03
8.474184433865284518e+03
6.261694740379348332e+03
5.754996697390310146e+03
4.564651750614651064e+03
5.599475459041125760e+03
8.539913822916203571e+03
3.702953182838930843e+03
3.567127508803121145e+03
3.475331682548759545e+03
7.664863295773843674e+03
3.064597429823189032e+03
4.242220178693564776e+03
3.640376127404281306e+03
2.821565136423548211e+03
5.212998351491394715e+03
5.767774781462986539e+03
3.642524768754182332e+03
4.677195603027950710e+03
4.524480457585446857e+03
3.931469453228306065e+03
2.874059526009016736e+03
4.605094753282498459e+03
3.690307852000088133e+03
7.013443828540474897e+03
4.969146103958441017e+03
3.111006998440006100e+03
5.761525276057741394e+03
6.300015461684675756e+03
3.097182619767977940e+03
5.495299509792405843e+03
3.428482870250662472e+03
6.171382102138487426e+03
1.232762556450878583e+04
4.504594188048033175e+03
6.558170342126323703e+03
4.244167821913836633e+03
2.801776037492281830e+03
4.838929496385064340e+03
5.427417296555331632e+03
3.912061468663943742e+03
3.902367796832892964e+03
3.441398259868659352e+03
3.164971049532572124e+03
4.606675465126124436e+03
5.790433927289182975e+03
3.475252017990068452e+03
3.808903495123732682e+03
3.121085081815263493e+03
3.113674066582280830e+03
3.455052243974672365e+03
4.009221635022203373e+03
5.484645305554525294e+03
3.591798615451080423e+03
5.560495145657917419e+03
3.297978070573007244e+03
6.989707379188625964e+03
4.674150162300560623e+03
1.030350660318592054e+04
1.078325188555133900e+04
6.211328045592417766e+03
3.835705998471744351e+03
3.284360752374156164e+03
6.191186017346192784e+03
2.649315414806437275e+03
4.434745170938885167e+03
4.284070647271312737e+03
4.918454695683510181e+03
7.269153649974485234e+03
3.650002310485841917e+03
4.749963627356915822e+03
2.854271154915884381e+03
3.289903409287520390e+03
4.830052919450959052e+03
4.066242820795505395e+03
3.251236410620286733e+03
5.048552003443568537e+03
5.610139314224121335e+03
5.271729944744372915e+03
4.802708132496861253e+03
8.401457448659535657e+03
6.846186834573581109e+03
5.386614168675561814e+03
1.159337069151325704e+04
6.438075269855993611e+03
4.874508706198324944e+03
3.875472087885308156e+03
4.365965679528900182e+03
3.545899589765741894e+03
3.055255744114344452e+03
4.905074481662618382e+03
1.234212276010496680e+04
1.151492742530894429e+04
3.373633689321358361e+03
1.064431513078848729e+04
4.623582102508105891e+03
4.741825458024255568e+03
8.047909737196892820e+03
5.911639840561420897e+03
5.336677794078933402e+03
1.093022214167718630e+04
7.126697566837886370e+03
8.481028624732898606e+03
6.439429017155144720e+03
6.133080443751922758e+03
1.109027560293509669e+04
5.070941756117154910e+03
7.070262686160259364e+03
1.724715978932167855e+04
1.584143783418065686e+04
6.804839724596428823e+03
9.858845712914788237e+03
6.252056927425927825e+03
3.774279929641462331e+03
1.249414356016982492e+04
4.190416348318097334e+03
6.734187100244333124e+03
7.774949004192802022e+03
1.053920480030272483e+04
7.134329553971919267e+03
6.526183105476470701e+03
6.571385645361145180e+03
6.273173039393202998e+03
6.571387435217772691e+03
6.526183753167170835e+03
7.134328862216971174e+03
1.053923469247253888e+04
7.774948653768446093e+03
6.734186790394561285e+03
4.190418568890027927e+03
1.249414252429527005e+04
3.774282025341152348e+03
6.252056435036205585e+03
9.858844975612919370e+03
6.804839768677902612e+03
1.584143925459358434e+04
1.724715980375059735e+04
7.070264076096621466e+03
5.070941787592730179e+03
1.109027517342493593e+04
6.133079019292104022e+03
6.439429550600743823e+03
8.481028873526400275e+03
7.126697053212026731e+03
1.093022168014965791e+04
5.336677735778639544e+03
5.911638672585776476e+03
8.047909698147544987e+03
4.741825506409915761e+03
4.623582131492333247e+03
1.064431489508961567e+04
3.373635558456200215e+03
1.151492799287801972e+04
1.234212241595062551e+04
4.905074529417194753e+03
3.055257585538946842e+03
3.545903378709086155e+03
4.365964242245680907e+03
3.875472118696585767e+03
4.874509249480249309e+03
6.438076456033813884e+03
1.159337005242247324e+04
5.386614994185451906e+03
6.846188465640629147e+03
8.401457602700205825e+03
4.802708149022026191e+03
5.271729597002638002e+03
5.610140656758010664e+03
5.048549764771473747e+03
3.251236441077751351e+03
4.066242935872810904e+03
4.830051549911265283e+03
3.289903335786060325e+03
2.854272615736952503e+03
4.749963470143022278e+03
3.650002333342953534e+03
7.269154624628030433e+03
4.918456266579956718e+03
4.284069606070101145e+03
4.434745611440548601e+03
2.649315365555580229e+03
6.191188614937791499e+03
3.284360714101555459e+03
3.835708049437874251e+03
6.211328969501760184e+03
1.078325229464261793e+04
1.030350676764710988e+04
4.674148241093081197e+03
6.989741596399268929e+03
3.297978945327370184e+03
5.560495612920731219e+03
3.591798606723502417e+03
5.484645632396651308e+03
4.009222802050056089e+03
3.455052324491241961e+03
3.113673835955014056e+03
3.121082705650870594e+03
3.808902278661709715e+03
3.475250966476914982e+03
5.790434076867608383e+03
4.606672274673686843e+03
3.164971085055892672e+03
3.441398182286533483e+03
3.902367238125998938e+03
3.912062678758636594e+03
5.427417043835007462e+03
4.838926323597794180e+03
2.801777007902440346e+03
4.244167189015201984e+03
6.558170698962620008e+03
4.504594087868272254e+03
1.232762574108157423e+04
6.171383431195479716e+03
3.428482904672726818e+03
5.495302113218906925e+03
3.097182858620273237e+03
6.300013776043601865e+03
5.761525290663293163e+03
3.111007761515045786e+03
4.969114836825170642e+03
7.013442990258155078e+03
3.690308317349249592e+03
4.605094925389242235e+03
2.874059473015000549e+03
3.931470988351759388e+03
4.524481678245021612e+03
4.677195595701882667e+03
3.642524400494426118e+03
5.767774388376125899e+03
5.212996633308731361e+03
2.821563556616252299e+03
3.640372033415125770e+03
4.242220848503943671e+03
3.064594352239184445e+03
7.664864207998899474e+03
3.475331305321471064e+03
3.567125826438546028e+03
3.702954566901462385e+03
8.539914021910553856e+03
5.599475856757971997e+03
4.564653147394299594e+03
5.754997450298388685e+03
6.261694542491189168e+03
8.474184718985758082e+03
7.997259220830060258e+03
4.710692420323572151e+03
5.428050219339988871e+03
5.422977941765391733e+03
9.081286229378045391e+03
5.777557574931490308e+03
5.568278456757475396e+03
6.960604351991203657e+03
6.939115117585030021e+03
8.434141334898904461e+03
4.526236912671605751e+03
5.561314496701061216e+03
5.621210453393687203e+03
6.710392393814312527e+03
5.959188237032881261e+03
7.765902398798796639e+03
3.979683648603798247e+03
5.617140589274648846e+03
5.696268319160347346e+03
5.686607696866565675e+03
1.173012931525300519e+04
8.022440826403459141e+03
1.382211269471859850e+04
9.243686413228191668e+03
9.840599581397285874e+03
5.456476725734569300e+03
1.108837179162096982e+04
1.134112730819389435e+04
1.560975035334691529e+04
1.134810328959021354e+04
8.942052569889818187e+03
1.465693468374310760e+04
1.055411595763162768e+04
1.083242331518233368e+04
9.316369714689490138e+03
1.124145815073405538e+04
1.641308603323773059e+04
1.372016788369411188e+04
2.113674972679815983e+04
1.133243144248095268e+04
1.135573351518274831e+04
1.603877666389856495e+04
1.167377170371810098e+04
9.585679771501947471e+03
1.058715598202418732e+04
1.688765852638247816e+04
1.575318308284231352e+04
1.722860517746327969e+04
1.077851517699440592e+04
1.365424145061391937e+04
3.537076966981276928e+04
2.124537174112997673e+04
1.898677444539110729e+04
1.570473864014649553e+04
1.414504192189213245e+04
1.722943495917290420e+04
3.270728364120057449e+04
2.467529692440152576e+04
3.905247532550283358e+04
1.809932630639434865e+04
3.466718508337788080e+04
3.283105927879393130e+04
3.125107571789301437e+04
2.638652372621018367e+04
2.073141346813003111e+04
1.502094429096277781e+04
2.891307434266643031e+04
1.625271342176469625e+04
2.287469631247973302e+04
5.414018140192331339e+04
4.872902944107899384e+04
3.130450914530165028e+04
2.651342792560002999e+04
3.297503119586292451e+04
2.985635957548604347e+04
3.247750394117905307e+04
4.312376679488189257e+04
2.532610169453362323e+04
3.446517786733474350e+04
5.334433722340751410e+04
5.232898784537355095e+04
2.925397928078180485e+04
6.768990429161841166e+04
1.449891222428038891e+05
2.070485113164539507e+04
6.930077716175539535e+04
1.071664216232301987e+05
5.167374785410801269e+04
1.164369629822305142e+05
5.861916063788061001e+04
5.069917911302852008e+04
9.567964644217828754e+04
3.306244630915967864e+05
1.820339668332147412e+05
7.599195073167968076e+04
8.695598295651304943e+04
1.246210773858555476e+05
5.147621772223030712e+04
7.528473243185442698e+04
5.036396742842157255e+04
6.517849745493741648e+04
6.125435288434050744e+04
8.086304970411759859e+04
9.198946861487538263e+04
5.049421286622048938e+05
3.946558164406425203e+05
1.160582000929249043e+05
1.669776516369523306e+05
1.714092026160611713e+05
1.117418723683634453e+05
3.037717891470285831e+05
4.732178367988170939e+05
2.289494539302515623e+05
2.535716723315333365e+05
1.859215533047351055e+05
2.207999739539164293e+05
3.240609373088068096e+05
2.115273408288643113e+05
1.596031871353167517e+05
3.797828282023457577e+05
3.169149130703266128e+05
3.071035702987352270e+05
3.279454129617343424e+05
4.023069625416349736e+05
2.921435472778685507e+05
3.453508588889989187e+05
3.246452441089156782e+05
4.477538969165753224e+05
3.803002625119606964e+05
4.594366885613710037e+05
1.023655267570014927e+06
1.249373157366764266e+06
2.298891872054926585e+06
2.261850343144696206e+06
1.427219347826929092e+10
1.045765859503282166e+11
1.225487092002976379e+11
6.761972715969233704e+10
3.887155674458402252e+10
2.683065354801138306e+10
2.417551509929419327e+10
1.547647874596734810e+10
1.463037457375622368e+10
1.502686081646347618e+10
1.634143913510080528e+10
1.478045470866600609e+10
1.409683534605684471e+10
1.229176645137279892e+10
1.240603745503010368e+10
1.220409911037276649e+10
1.170972482478727913e+10
1.061344699151674461e+10
1.123162356303821373e+10
1.255130524218550491e+10
9.103705494711038589e+09
9.941713591499750137e+09
1.075048840728899002e+10
8.878952081855228424e+09
9.105216336855358124e+09
6.209649537009224892e+09
7.239848865063984871e+09
7.345778128900719643e+09
8.944720911815893173e+09
9.936305836636140823e+09
5.997167990891309738e+09
4.923413499986674309e+09
4.053166958887779713e+09
4.397212973692875862e+09
5.036618055215877533e+09
3.721947149181822777e+09
4.353125300710639000e+09
4.614228625653887749e+09
5.286749725206463814e+09
4.879286405217713356e+09
3.765699334147620201e+09
4.787365083191774368e+09
3.891970900151075363e+09
4.001210323659830093e+09
2.873573992376094818e+09
2.714449943525444984e+09
2.693235433340244770e+09
2.651113061034276009e+09
3.244837111365215302e+09
4.055900993147216797e+09
2.383143829756235600e+09
2.636833651224210262e+09
3.318499023944216251e+09
2.385764396989630222e+09
2.520418501661098957e+09
2.855295406595162392e+09
1.985311045274889231e+09
2.253662255175247669e+09
2.194308864791987419e+09
1.630752944601907492e+09
1.784955060101117611e+09
1.678029372189650774e+09
1.778549237490714550e+09
1.585448569226552725e+09
1.632140205826085091e+09
1.618323014472568035e+09
1.460776582912789345e+09
1.303944808005445004e+09
1.301593291954219341e+09
1.265883259770908833e+09
1.165704717627720356e+09
1.189339518831529140e+09
1.376420936789776325e+09
1.384781175703053236e+09
1.291074883035960913e+09
1.185271854499905348e+09
1.275821570759553671e+09
1.157619389903036118e+09
1.268880222018983603e+09
1.091239184252017736e+09
1.132837186090721369e+09
1.234943510087012291e+09
1.546012521969855070e+09
1.199467433902477741e+09
9.548638476614707708e+08
1.040545475798669696e+09
1.039750585058157086e+09
1.399881408334459782e+09
9.628297913451188803e+08
9.738333400172412395e+08
8.892313881065050364e+08
7.814871642593206167e+08
9.239936094517681599e+08
7.060793440806376934e+08
6.727121658763294220e+08
6.662303814449216127e+08
7.287848215058633089e+08
6.973686335879110098e+08
6.469384480769947767e+08
6.259088583137435913e+08
6.216451245562964678e+08
6.250955503362442255e+08
6.309317511779351234e+08
7.622729507027628422e+08
6.706413481502864361e+08
5.639507090754251480e+08
5.001264540466768742e+08
4.803646157921694517e+08
5.031999927179031372e+08
4.550349352053195834e+08
4.706333004159463644e+08
4.282907172870825529e+08
5.583450226181995869e+08
4.397718423854525089e+08
7.357534356728168726e+08
5.775183302246400118e+08
4.939518778044949770e+08
4.055994328804320097e+08
3.590014049074977040e+08
3.866011231666259170e+08
3.704038709539895058e+08
3.772913954350965023e+08
3.807265471131673455e+08
3.605431990190370679e+08
3.904407326074986458e+08
4.439023774656267166e+08
3.336088043632505536e+08
3.274822221328836679e+08
3.230030949084209204e+08
3.197721773356095552e+08
3.567274174733924270e+08
3.558925446671223044e+08
3.603506944564547539e+08
3.427731004446625710e+08
3.846777643291174769e+08
3.307702619724764228e+08
3.383047706025648117e+08
3.540031251364213228e+08
3.024865379108949304e+08
3.271862571024381518e+08
3.255132010047873259e+08
3.207847880340433121e+08
2.974980987607470751e+08
2.825051818725105524e+08
2.904025643664324284e+08
3.200479066254581809e+08
9.757737375379768610e+08
3.151516789720979929e+08
3.223836969898349643e+08
2.902089999933009148e+08
2.648120032560663521e+08
2.640606167125826478e+08
2.860560021145556569e+08
2.970323576824506521e+08
3.069355525922531486e+08
2.687392972240726352e+08
2.733438117953953743e+08
2.748126863129150271e+08
3.096976122295470238e+08
4.810750458381040096e+08
2.381732032905401587e+08
2.548875871219671667e+08
2.624860780342110991e+08
2.368945781249304116e+08
2.745996789622847438e+08
2.734402415903202891e+08
2.526121542551226318e+08
2.709280941546517015e+08
2.721945534223707914e+08
2.375624183086702824e+08
2.886020805202926993e+08
3.075397658730841875e+08
2.529203670297611058e+08
2.539849002894363701e+08
3.518815045509658456e+08
2.836156987582617998e+08
2.702127866439759731e+08
2.987956594185130000e+08
4.568196124300730228e+08
3.214332365019275546e+08
2.823741791161963940e+08
2.508737617580609620e+08
2.805060010389751196e+08
2.354871316798427701e+08
2.223355975938863754e+08
2.436414130680262446e+08
2.501489273414393067e+08
2.459988503957796395e+08
2.922127769571987391e+08
2.844806562901345491e+08
2.581518719951238334e+08
2.724813497339352965e+08
3.057068174199176431e+08
2.973644155755468011e+08
2.939645469044778347e+08
2.742126878116841912e+08
3.266725321748848557e+08
2.841501904158177376e+08
3.230222574250634909e+08
2.862287760960414410e+08
2.698482448413161635e+08
2.721548737489731908e+08
2.735546771933252811e+08
2.984706689240106940e+08
2.802265676986497641e+08
2.991692262421166897e+08
2.693641488447993398e+08
2.743191987735234499e+08
2.688211134285155535e+08
2.762401309788544178e+08
2.713995230769974589e+08
2.914292850205200315e+08
3.233548228054462671e+08
2.846702136458657384e+08
2.491557278801873624e+08
3.219139371857739687e+08
2.777722219413361549e+08
3.473504282705159187e+08
3.722060525002953410e+08
2.619262854761332572e+08
2.683174021014982164e+08
2.858780828521546125e+08
2.795363069212422371e+08
2.989694918353965878e+08
2.622874629392412603e+08
2.545845199266177118e+08
2.689560460103981495e+08
2.507789607063160241e+08
2.497313066219007969e+08
2.469321600930826366e+08
2.809926230521927476e+08
3.117900565340043306e+08
2.592021565204760730e+08
2.710896470372053385e+08
2.263457948091557324e+08
2.629831356175156832e+08
2.259559570389873087e+08
2.394622986394272745e+08
2.390113384221131802e+08
2.072324126454715431e+08
2.334878768030003607e+08
2.480296075608333051e+08
2.320222435618158877e+08
2.732930415292497277e+08
2.259843508100855649e+08
2.496838742707598805e+08
2.297663650815069675e+08
2.149183970449502766e+08
2.484493599413911998e+08
2.376819205484061241e+08
2.658264704746460617e+08
2.290972968816830814e+08
2.482317901748870313e+08
2.484025625531478524e+08
2.636807682012652457e+08
2.457425862880008817e+08
3.779188559929566383e+08
2.457425953808441758e+08
2.636807638520385027e+08
2.484025567843098640e+08
2.482317850734750628e+08
2.290972994505035877e+08
2.658264670516307056e+08
2.376818498698961437e+08
2.484493644433686733e+08
2.149183958891949058e+08
2.297663683832576871e+08
2.496838759049035311e+08
2.259843486945550144e+08
2.732930340878627896e+08
2.320222493844779432e+08
2.480296102229054272e+08
2.334879716327933669e+08
2.072324076139129102e+08
2.390113363695501983e+08
2.394623241057220399e+08
2.259559534335271418e+08
2.629832109041212201e+08
2.263457780743577778e+08
2.710897205333923697e+08
2.592021662167783678e+08
3.117900562954477668e+08
2.809926159826461673e+08
2.469321622577528059e+08
2.497313134002787173e+08
2.507789700093211234e+08
2.689560543124653101e+08
2.545845189271748960e+08
2.622874620710133612e+08
2.989694864573994875e+08
2.795363052394177914e+08
2.858782446956087351e+08
2.683174033444813192e+08
2.619262773387372494e+08
3.722060537802777886e+08
3.473504253120170236e+08
2.777722213341063261e+08
3.219139412508307099e+08
2.491557385455169678e+08
2.846701607679550648e+08
3.233548170989390612e+08
2.914292398790428042e+08
2.713995198463670611e+08
2.762401312799583077e+08
2.688211063695046306e+08
2.743192019124014974e+08
2.693641447625519037e+08
2.991692263295091391e+08
2.802265064224795103e+08
2.984706740388792157e+08
2.735546752761625051e+08
2.721546376714842319e+08
2.698482468409922123e+08
2.862287888751631975e+08
3.230221820902371407e+08
2.841501913491256237e+08
3.266725347752851248e+08
2.742128630098370314e+08
2.939645628823735714e+08
2.973644179319835305e+08
3.057068172971500754e+08
2.724813516968555450e+08
2.581518736344721913e+08
2.844806604431252480e+08
2.922127658321428895e+08
2.459988494260318279e+08
2.501489322565208375e+08
2.436414243428003788e+08
2.223355942349990606e+08
2.354871230315473080e+08
2.805061942940009832e+08
2.508737522917037308e+08
2.823741842011221051e+08
3.214334331987420917e+08
4.568196087067784071e+08
2.987955610970013738e+08
2.702127911821361780e+08
2.836157027936388254e+08
3.518815024101284742e+08
2.539849128226966560e+08
2.529203034033211768e+08
3.075397710204222798e+08
2.886020805688984394e+08
2.375624136621603668e+08
2.721945521149126887e+08
2.709281010690578222e+08
2.526122180447565019e+08
2.734402475077770352e+08
2.745996836122218966e+08
2.368945832040423453e+08
2.624860775395471752e+08
2.548877035115643740e+08
2.381731208850473762e+08
4.810750442441100478e+08
3.096976205978767276e+08
2.748127590190874934e+08
2.733438156202177405e+08
2.687393443902168274e+08
3.069355599060911536e+08
2.970323642975220680e+08
2.860559392998079658e+08
2.640606140947429240e+08
2.648120122913840711e+08
2.902089946313178539e+08
3.223836493079872727e+08
3.151516766979041696e+08
9.757737362771557570e+08
3.200479059701107144e+08
2.904025667232707739e+08
2.825052595625657439e+08
2.974980135821611285e+08
3.207849622554571033e+08
3.255131868635046482e+08
3.271862551141188741e+08
3.024865312583803535e+08
3.540030680865210295e+08
3.383047649530875683e+08
3.307702693411642313e+08
3.846777610394495726e+08
3.427730985653701425e+08
3.603507000653342605e+08
3.558926171753385067e+08
3.567274697824012041e+08
3.197721856075742245e+08
3.230030972422701716e+08
3.274822124522076845e+08
3.336088022071859241e+08
4.439022366730651855e+08
3.904407286096274257e+08
3.605431934829879403e+08
3.807265466466836333e+08
3.772914097223611474e+08
3.704038691875962615e+08
3.866011144525519609e+08
3.590015056398733258e+08
4.055994289529997706e+08
4.939519133215356469e+08
5.775183659841253757e+08
7.357534359245444536e+08
4.397718436707787514e+08
5.583450224000328779e+08
4.282907638731031418e+08
4.706333000723441839e+08
4.550349351352865696e+08
5.032000693880742788e+08
4.803645891136470437e+08
5.001264510107414126e+08
5.639507396494007111e+08
6.706415383334156275e+08
7.622728955337183475e+08
6.309317437951545715e+08
6.250955224669485092e+08
6.216451798915669918e+08
6.259089589803985357e+08
6.469383651234217882e+08
6.973687287325762510e+08
7.287848197073854208e+08
6.662303810910656452e+08
6.727122000691466331e+08
7.060794423720730543e+08
9.239936226345102787e+08
7.814871025833860636e+08
8.892314577876731157e+08
9.738332813970593214e+08
9.628298115008348227e+08
1.399881416906918526e+09
1.039750511805004120e+09
1.040545461429285765e+09
9.548638242883520126e+08
1.199467455262074232e+09
1.546012606197027206e+09
1.234943528852097273e+09
1.132837194745501280e+09
1.091239253272330284e+09
1.268880228448065042e+09
1.157619395576276302e+09
1.275821610988117695e+09
1.185271903651806593e+09
1.291074819866104364e+09
1.384781306425522089e+09
1.376420938629320860e+09
1.189339388358366966e+09
1.165704729796055317e+09
1.265883258916687012e+09
1.301593314993451357e+09
1.303944815898233414e+09
1.460776632957328558e+09
1.618323059991213083e+09
1.632140303888901711e+09
1.585448493544087410e+09
1.778549150287268877e+09
1.678029353723332882e+09
1.784955076210399389e+09
1.630752975041565418e+09
2.194308840360440731e+09
2.253662217675272942e+09
1.985311076271689653e+09
2.855294925862893105e+09
2.520418429155037403e+09
2.385764384485921383e+09
3.318499090050745487e+09
2.636833639081541061e+09
2.383143795753299713e+09
4.055899733261553288e+09
3.244837101176460266e+09
2.651113699277468681e+09
2.693235431400268555e+09
2.714449948345218182e+09
2.873574084000087261e+09
4.001211215905440807e+09
3.891970831447371006e+09
4.787365361702445984e+09
3.765699303030116081e+09
4.879287178793771744e+09
5.286749124410432816e+09
4.614228745650896072e+09
4.353124593408482552e+09
3.721947156131758213e+09
5.036618084638607025e+09
4.397213916842218399e+09
4.053166742324036121e+09
4.923413049752988815e+09
5.997167999816255569e+09
9.936306609690376282e+09
8.944720907245246887e+09
7.345779120634000778e+09
7.239849034152629852e+09
6.209650403560701370e+09
9.105216358601278305e+09
8.878951717002422333e+09
1.075048837603054237e+10
9.941713512198310852e+09
9.103705573336383820e+09
1.255130525517588615e+10
1.123162241323523521e+10
1.061344745051394463e+10
1.170972514735510635e+10
1.220409844665225792e+10
1.240603804240622711e+10
1.229176654771235466e+10
1.409683459380079460e+10
1.478045511381279945e+10
1.634143940123565292e+10
1.502686082773276711e+10
1.463037542328740692e+10
1.547647896696343613e+10
2.417551506707233810e+10
2.683065476272519302e+10
3.887155762944605255e+10
6.761972879009443665e+10
1.225487232373459778e+11
1.045765847475464630e+11
