1.236845025632835776e+08
9.338614808895522356e+08
1.250319691302985191e+09
6.603012028179104328e+08
4.185959863044776320e+08
3.162083008447760940e+08
2.276200199835820794e+08
1.758116394880596995e+08
1.437976202358208895e+08
1.339523306313432902e+08
1.158465220820895582e+08
1.020819586358208954e+08
1.111746014029850811e+08
9.051573589402985573e+07
9.517626802238805592e+07
8.517662365522387624e+07
7.905378325970149040e+07
6.894275217044775188e+07
7.266927940298508108e+07
5.927861800447761267e+07
5.347469268029851466e+07
5.112115031194029748e+07
4.822506454447761178e+07
4.590017500582090020e+07
4.259118888641791046e+07
3.462756226059701294e+07
3.412800238164179027e+07
3.728635026492537558e+07
3.140177561179104820e+07
3.298341120208955556e+07
2.662270488328358158e+07
3.053410499650746956e+07
2.445826051567164063e+07
2.365434082914925367e+07
2.527266460970149189e+07
2.234693761917910725e+07
2.742730989849253371e+07
2.552018761347761005e+07
2.186166302432835847e+07
2.164604441423880681e+07
1.979251243635820970e+07
2.636697561647761241e+07
1.821898473008955270e+07
2.060696838632835820e+07
1.623671215468656644e+07
1.589915970641790889e+07
1.875111410874626786e+07
1.429465486235821061e+07
1.620781820204477757e+07
1.878986906394029781e+07
1.396664748688059486e+07
1.522678448029850610e+07
1.537481060438806005e+07
1.292373555064179190e+07
1.470624704362686537e+07
1.576581851489552110e+07
1.211827891680597141e+07
1.285966533595522493e+07
1.415688814149253815e+07
1.136345562402985059e+07
1.184808792873134278e+07
1.269239918217910454e+07
1.305661975711940415e+07
1.026805922079552151e+07
1.090687873507462628e+07
1.107457403446268663e+07
9.963340452238805592e+06
8.768430109402984381e+06
8.817140044835822657e+06
9.445128986746268347e+06
7.925733118056715466e+06
7.847766354240299203e+06
8.336709931119401939e+06
9.130362526164179668e+06
8.323164053991044872e+06
7.781329738598507829e+06
7.782400062432835810e+06
8.419463759537313133e+06
7.934894857507462613e+06
7.451710635913433507e+06
7.359317807655223645e+06
7.220075399611939676e+06
7.729590077677611262e+06
7.168384852205971256e+06
6.204425105617910624e+06
6.208175815814925358e+06
6.658442904653731734e+06
6.330256876479104161e+06
5.914318391331342980e+06
5.537638807086566463e+06
5.755046382252238691e+06
5.594307633883582428e+06
5.485487804828358814e+06
5.358193048011940904e+06
4.801298602211941034e+06
4.774713081823880784e+06
4.746319443767164834e+06
4.731023233419402502e+06
4.633178166150746867e+06
4.784501983534328640e+06
4.511122419876120053e+06
4.500692834325373173e+06
4.384133110005970113e+06
4.461370487577611580e+06
4.108656360310447868e+06
3.691164046077611391e+06
3.587167553064179141e+06
3.725230985292537138e+06
3.741338037037313450e+06
3.673663512873134110e+06
3.635188533719403204e+06
3.305261078523880802e+06
3.425111485779104754e+06
3.272185688929851167e+06
3.979657717937313486e+06
3.362093308188059833e+06
3.234859809429850429e+06
2.760880075949253514e+06
2.744365947638805956e+06
2.843129944261194207e+06
2.595062014186567161e+06
2.916950936605970375e+06
2.899974610525373369e+06
2.660257173947761301e+06
2.596756804486567155e+06
2.502603332598507404e+06
2.379416136358208954e+06
2.611941326831343584e+06
2.605077966764179058e+06
2.624766062676119618e+06
2.589189231900000013e+06
2.325852601629850920e+06
2.514979779313432984e+06
2.678917513932835311e+06
2.483439190320895519e+06
2.471263059280597139e+06
2.418255156989552546e+06
2.432905660831343383e+06
2.652872015889551956e+06
2.055235955544776283e+06
2.095944293111940380e+06
2.063227351611940190e+06
2.006386581352238776e+06
2.265775174935820978e+06
2.034779935886566993e+06
2.542340925132835750e+06
2.590000048029850703e+06
2.165657090017910115e+06
2.085367812604477862e+06
2.047792868520895485e+06
1.823575352900000056e+06
2.040177928035820834e+06
1.785557441488059703e+06
1.922658133722387953e+06
1.810309235147761647e+06
2.085384083501492627e+06
2.031288238704477903e+06
1.747724996289552189e+06
1.897018431391044986e+06
2.022864483495522523e+06
1.932398647580596851e+06
1.898495477122387849e+06
1.714283820105970372e+06
1.999921911067164037e+06
1.690000671429850860e+06
1.550542174292536918e+06
1.601341617473134305e+06
1.857871598810447846e+06
1.533189951358209131e+06
1.446651485044776229e+06
1.633956413028358249e+06
1.694201431213432690e+06
1.507495579155223910e+06
1.497817156271641841e+06
1.541468631686567096e+06
1.696931766274626600e+06
1.419829904041790869e+06
1.528979722292537335e+06
1.529332344386567129e+06
1.522850249138806015e+06
1.411765904191044625e+06
1.400818094689552207e+06
1.464412182979104342e+06
1.695717877464179182e+06
1.294083331376119284e+06
1.709047872652238933e+06
1.473357595637313556e+06
1.389417676980597200e+06
1.375511906691044569e+06
1.416130022052238928e+06
1.315080263404477620e+06
1.244673188913432881e+06
1.562042408862686483e+06
1.210511231605970068e+06
1.374868203844776144e+06
1.271790245076119434e+06
1.173957106979104225e+06
1.270230506747761043e+06
1.204833211616417859e+06
1.332034468038805993e+06
1.099600137613432715e+06
1.204676745110447751e+06
1.262319118092537392e+06
1.025853428949253634e+06
9.553743289716418367e+05
9.928885275074626552e+05
1.144088601238805801e+06
1.454297739019402768e+06
1.291045673031343380e+06
1.342964460277611855e+06
1.013982417502985103e+06
1.124388383027761243e+06
9.904980894274626626e+05
1.107945702371194027e+06
8.956376918943284545e+05
8.773925533288060687e+05
9.739851454908954911e+05
9.528898002832835773e+05
8.926906079486567760e+05
8.183344273447762243e+05
9.737534833252239041e+05
1.020995420673582121e+06
8.885891086856715847e+05
9.037571332459702389e+05
9.245702434905970003e+05
8.526891605467163026e+05
9.489113076552237617e+05
8.298204398817911278e+05
7.870972972502985504e+05
9.214783809682087740e+05
8.863611789649255807e+05
9.263516376140299253e+05
8.377808328079103958e+05
8.935744939294030191e+05
8.089822912634330569e+05
7.658991972852239851e+05
1.151863413586268434e+06
7.248247271046268288e+05
8.701807014928358840e+05
1.074096286039552186e+06
7.795544730823879363e+05
9.385512823314926354e+05
7.264303957598506240e+05
7.753681668894028990e+05
7.808861671874626772e+05
9.637146311044776812e+05
7.189472040919403080e+05
1.719664266971492674e+06
8.039290442462685751e+05
9.727478625089552952e+05
7.190121196744776098e+05
8.707679880161194596e+05
1.049353441394328373e+06
8.825098334647762822e+05
8.184617829774625134e+05
7.533920073965672636e+05
1.117359437343880534e+06
7.533915992995523848e+05
8.184620053095521871e+05
8.825098667020897847e+05
1.049353572667164262e+06
8.707680124170150375e+05
7.190122853149253642e+05
9.727480287213432603e+05
8.039291022364178207e+05
1.719664248861791100e+06
7.189473095977612538e+05
9.637146797186566982e+05
7.808863099177611293e+05
7.753683723849253729e+05
7.264305590377612971e+05
9.385513338653731626e+05
7.795545115549253533e+05
1.074096335579999955e+06
8.701807224689553259e+05
7.248246558353730943e+05
1.151863363738955231e+06
7.658993400846269215e+05
8.089822904191045091e+05
8.935745477168656653e+05
8.377809090108955279e+05
9.263516415156716248e+05
8.863610477346269181e+05
9.214783790971642593e+05
7.870973044165670872e+05
8.298205948374627624e+05
9.489112998753732536e+05
8.526894758086567745e+05
9.245717688880596543e+05
9.037569946535819909e+05
8.885889628543284489e+05
1.020995479130298481e+06
9.737535644611940952e+05
8.183344372986565577e+05
8.926907131428357679e+05
9.528896180523879593e+05
9.739851824298508000e+05
8.773925331047760556e+05
8.956377000092536910e+05
1.107945850645820843e+06
9.904979681723879185e+05
1.124388383054626873e+06
1.013983931153731188e+06
1.342964450753731420e+06
1.291045723617910407e+06
1.454297737929850584e+06
1.144088550138805760e+06
9.928886104671641951e+05
9.553743077776118880e+05
1.025853445535820792e+06
1.262319294732835842e+06
1.204676697826865595e+06
1.099600164849253837e+06
1.332034754743283615e+06
1.204833201004477683e+06
1.270230726864179131e+06
1.173957277079104213e+06
1.271790257144775940e+06
1.374866792598507367e+06
1.210511377444776241e+06
1.562042351059701294e+06
1.244673100626865402e+06
1.315080350183581933e+06
1.416130137113432633e+06
1.375511888914925279e+06
1.389417734513432719e+06
1.473357754543283721e+06
1.709049477707462618e+06
1.294083482617910486e+06
1.695717766767164227e+06
1.464412166137313470e+06
1.400818017785074655e+06
1.411765906482089544e+06
1.522850229070149362e+06
1.529330890438806033e+06
1.528979704252238851e+06
1.419830164285074687e+06
1.696931813662686618e+06
1.541468735365671804e+06
1.497817079195522470e+06
1.507495685276119504e+06
1.694201552544776350e+06
1.633956387716417899e+06
1.446651527102984954e+06
1.533189920629850822e+06
1.857870159247761359e+06
1.601341581638806034e+06
1.550542367565671680e+06
1.690000687019402860e+06
1.999921871322388062e+06
1.714283752805970376e+06
1.898495633523880504e+06
1.932398616719403304e+06
2.022864217252238886e+06
1.897018232002984965e+06
1.747725166720895562e+06
2.031288243331343401e+06
2.085384069055223837e+06
1.810309304701492656e+06
1.922658047989552375e+06
1.785557411638806108e+06
2.040177875561194029e+06
1.823575380670148879e+06
2.047791281155223958e+06
2.085367808389551938e+06
2.165656847767163999e+06
2.590000038640298415e+06
2.542339536119402852e+06
2.034779808420895366e+06
2.265775200213432778e+06
2.006386592240298633e+06
2.063227470771641936e+06
2.095943969459701329e+06
2.055236194159701699e+06
2.652871976170149632e+06
2.432905765004477464e+06
2.418255145071641542e+06
2.471263210846268106e+06
2.483439105441791005e+06
2.678917472162686754e+06
2.514979631407462992e+06
2.325852358022388071e+06
2.589189153783582151e+06
2.624766683825373184e+06
2.605078039631343447e+06
2.611941048399999738e+06
2.379416337688059546e+06
2.502603543000000063e+06
2.596756592379104346e+06
2.660257298322388437e+06
2.899974935017910320e+06
2.916951097768656444e+06
2.595062120597014669e+06
2.843130121337313671e+06
2.744365814949253574e+06
2.760880093919403385e+06
3.234860348743283655e+06
3.362093439159701578e+06
3.979657994223880582e+06
3.272185639120895416e+06
3.425111602695521899e+06
3.305261002286567353e+06
3.635188602108955383e+06
3.673664328276119661e+06
3.741337965546268504e+06
3.725231062428357545e+06
3.587167565811940003e+06
3.691164238213432953e+06
4.108656469937313348e+06
4.461370272252238356e+06
4.384133069620895199e+06
4.500692975968657061e+06
4.511122602920895442e+06
4.784501768505970016e+06
4.633178209480597638e+06
4.731023522598506883e+06
4.746319320216418244e+06
4.774712942316418514e+06
4.801298784644776024e+06
5.358192965640299022e+06
5.485487569141791202e+06
5.594307150629851036e+06
5.755046920161194168e+06
5.537638769922387786e+06
5.914318629602985457e+06
6.330256670197014697e+06
6.658443445116418414e+06
6.208175666682089679e+06
6.204425154141791165e+06
7.168384927758208476e+06
7.729590229483582079e+06
7.220075596371642314e+06
7.359317606341792271e+06
7.451711089959701523e+06
7.934895427194029093e+06
8.419464186731342226e+06
7.782399502641791478e+06
7.781330219925373793e+06
8.323162225764177740e+06
9.130363585313431919e+06
8.336709350119402632e+06
7.847765958332835697e+06
7.925732151974626817e+06
9.445129723805971444e+06
8.817139703238805756e+06
8.768430218970151618e+06
9.963341471507461742e+06
1.107457432313432917e+07
1.090687885613432713e+07
1.026805951631791145e+07
1.305661951055223867e+07
1.269239970234328508e+07
1.184808863768656738e+07
1.136345628134328313e+07
1.415688866552239098e+07
1.285966398225373216e+07
1.211827937502985075e+07
1.576581906011940353e+07
1.470624766011940129e+07
1.292373555350746401e+07
1.537481254634328559e+07
1.522678380850746110e+07
1.396664855898507498e+07
1.878987189261193946e+07
1.620781828547761217e+07
1.429465699280597083e+07
1.875111367443283275e+07
1.589916123626865633e+07
1.623671318931343220e+07
2.060696804767163843e+07
1.821898447980597243e+07
2.636697696588059515e+07
1.979251306665671617e+07
2.164604556511940435e+07
2.186166085089552402e+07
2.552018760198507831e+07
2.742730762880596891e+07
2.234693598485074937e+07
2.527266672328358144e+07
2.365434452168656513e+07
2.445825844402984902e+07
3.053410412949253991e+07
2.662270552537313476e+07
3.298341562313432992e+07
3.140177761194029823e+07
3.728634968432835490e+07
3.412800357731343061e+07
3.462756432492537796e+07
4.259118842238806188e+07
4.590017277000000328e+07
4.822506984895522147e+07
5.112114865820895880e+07
5.347469391029851139e+07
5.927861519850746542e+07
7.266928259850746393e+07
6.894275671373133361e+07
7.905378572388060391e+07
8.517662813432836533e+07
9.517627533582089841e+07
9.051574171641790867e+07
1.111746048343283534e+08
1.020819623686567098e+08
1.158465286805970222e+08
1.339523517059701532e+08
1.437976366686567068e+08
1.758116414134328365e+08
2.276200254761193991e+08
3.162083699641790986e+08
4.185960123179104328e+08
6.603013137432836294e+08
1.250319728164179087e+09
9.338614169029850960e+08
4.418606994835820794e+08
2.672098909982089520e+09
3.937107529695522308e+09
2.170526384135820866e+09
1.260422343407462597e+09
9.553555139850746393e+08
7.063261905223881006e+08
5.563263863432835340e+08
4.784303432835820913e+08
4.771411556417910457e+08
4.538511751343283653e+08
4.548786094925373197e+08
5.093278796567164063e+08
4.270763499597014785e+08
4.679079662253731489e+08
4.189532865000000000e+08
4.088893156014925241e+08
3.717168610910447836e+08
3.752199941791045070e+08
3.137039372388059497e+08
3.022098236492537260e+08
2.912620630626865625e+08
2.856814589970149398e+08
2.583740989564178884e+08
2.505332684985074699e+08
2.178520242776119411e+08
2.044521085343283713e+08
2.164584918044776022e+08
1.955953532950746119e+08
1.915013424831343293e+08
1.588095456737313271e+08
1.699216714062686861e+08
1.435668502329850793e+08
1.413872940328358114e+08
1.506068397647761106e+08
1.312207686777611971e+08
1.481776692726865709e+08
1.417598404931343198e+08
1.294642258862686455e+08
1.270708032056716532e+08
1.209164304880596995e+08
1.406430219528357983e+08
1.056714177988059819e+08
1.132668957708955258e+08
9.211107628791044652e+07
9.134729849373134971e+07
9.701677742000000179e+07
7.938570293526865542e+07
8.681638322492536902e+07
9.325071194447761774e+07
7.366363814194031060e+07
7.763522920223881304e+07
7.418635730611939728e+07
6.326922891064179689e+07
7.050631477035820484e+07
7.473487596898508072e+07
6.132892530746268481e+07
6.231545748671641201e+07
6.874398294552238286e+07
5.446312388386567682e+07
5.605882913541791588e+07
5.840663557462686300e+07
5.823023261507462710e+07
4.770811741952238977e+07
5.096153652635820955e+07
4.902665565746268630e+07
4.610517349264179170e+07
4.054221823902985454e+07
4.203012096467164159e+07
4.320136331744775921e+07
3.614759815874627233e+07
3.579000498573134840e+07
3.760891270198507607e+07
3.973113406165671349e+07
3.582454100397014618e+07
3.371042748186566681e+07
3.367119650267164409e+07
3.613014773656716198e+07
3.555759210911940038e+07
3.264148178420895338e+07
3.341612070564178750e+07
3.218328067573134601e+07
3.420602029735820740e+07
3.206967113440298289e+07
2.752599981722388044e+07
2.792789866059701145e+07
2.902472718252239004e+07
2.798011448080597073e+07
2.680237965747761354e+07
2.489702983283581957e+07
2.437964885680596903e+07
2.360386468305970356e+07
2.315181783746268600e+07
2.364736399694029987e+07
2.003916524867163971e+07
1.939333195197014883e+07
1.993392577705970407e+07
1.960626618237313256e+07
1.892763750897015259e+07
1.996433552974626794e+07
1.871465549156716093e+07
1.744152036165671796e+07
1.748710154194029793e+07
1.740831567877611890e+07
1.595057453144776076e+07
1.447676454222387820e+07
1.420936792208955064e+07
1.462886010897015035e+07
1.437152526877611876e+07
1.396710630749253742e+07
1.387101163543283567e+07
1.256757701223880798e+07
1.397139844055223837e+07
1.267526162847761251e+07
1.534443555501492694e+07
1.320866414570149034e+07
1.308099422729850560e+07
1.164996732353731431e+07
1.099752558074179105e+07
1.165189501993283443e+07
1.099192350602537207e+07
1.187203488034328260e+07
1.173370867291044816e+07
1.114765638695522398e+07
1.101133867901940085e+07
1.095935470506268740e+07
1.026662925656119362e+07
1.092623246188507415e+07
1.072625846088209003e+07
1.112648028686119244e+07
1.066140994298955239e+07
9.973190795343281701e+06
1.088771891077313386e+07
1.056429494452388026e+07
1.016485499080895446e+07
1.044442551293582097e+07
1.000861205413581990e+07
1.045665041929253750e+07
1.080441320645671524e+07
8.923679619207464159e+06
9.225349935940299183e+06
9.084687809874627739e+06
8.904856288019401953e+06
9.688411825291045010e+06
8.931475688431343064e+06
1.018110866310149245e+07
1.155488576075224020e+07
9.405269161301493645e+06
9.138480113285074010e+06
8.689792692579103634e+06
8.249239964234329760e+06
8.885806088222386315e+06
8.022744365914925933e+06
8.441988531746270135e+06
8.213283911726865917e+06
8.701165756768656895e+06
8.224081478132835589e+06
7.647047427329850383e+06
8.462918433959702030e+06
8.939790624773133546e+06
8.078189855644775555e+06
8.006929760123882443e+06
7.612195864679102786e+06
8.385224865861195140e+06
7.511331341128357686e+06
7.140088983513433486e+06
7.496574989868656732e+06
7.999751205088060349e+06
6.868352837298506871e+06
6.704842600070148706e+06
7.260731184088059701e+06
7.312673320532836020e+06
7.123625006973134354e+06
6.874659499898507260e+06
6.766706615956716239e+06
7.372414165434327908e+06
6.530624334816417657e+06
7.014815586498508230e+06
7.074108960571642034e+06
6.976156362677611411e+06
6.559333548362686299e+06
6.494583595222387463e+06
6.797260422123880126e+06
6.884048520043283701e+06
6.042069175871641375e+06
7.291165204449254088e+06
6.612188606901492923e+06
6.007032263120896183e+06
6.403443137156716548e+06
6.486915303011939861e+06
6.066552183022388257e+06
5.779533613428357989e+06
6.657999503541790880e+06
5.714340054255224764e+06
6.158678953373135068e+06
5.792753353043283336e+06
5.324152605237313546e+06
5.641461823031343520e+06
5.497627992053731345e+06
5.586753899379104376e+06
5.066898588997015730e+06
5.310900475228358060e+06
5.645521783316417597e+06
4.866215655979104340e+06
4.573543359416417778e+06
4.800252627538805827e+06
4.957481888686567545e+06
5.539654799086566083e+06
5.622261393983582966e+06
5.149856377555224113e+06
4.608916752041790634e+06
5.342635395004477352e+06
4.822800970826866105e+06
4.528179089607462287e+06
4.047162827043283731e+06
3.916196534383582417e+06
4.390852343589551747e+06
4.457746633791044354e+06
3.998525983841790818e+06
3.864994895226865541e+06
4.340434979662685655e+06
4.417872537485075183e+06
4.083870762153730728e+06
3.935606981976118870e+06
4.035094236952239182e+06
3.924894315488059539e+06
4.267528705913432874e+06
3.793196751582090277e+06
3.822727918998507783e+06
4.113320478589552455e+06
4.111331574638805818e+06
4.124426171171641909e+06
3.956722315326865762e+06
4.008643736556716263e+06
3.980252829950746149e+06
3.825208027091044933e+06
4.549495659050746821e+06
3.573274802337313537e+06
4.112925587674627081e+06
4.133533987883582246e+06
3.637362517926865723e+06
4.214487414377612062e+06
3.425300931061193813e+06
3.643976240246268921e+06
3.537752817613432184e+06
4.316051311043283902e+06
3.446342468977611978e+06
6.013781270311939530e+06
3.817529079408955295e+06
4.285341548341791146e+06
3.612045025629850570e+06
3.802434009170149453e+06
4.368729783670148812e+06
4.114630519280596636e+06
3.940715218110447284e+06
3.654066053600000218e+06
5.492657686232835986e+06
3.654065750561193097e+06
3.940714973756717052e+06
4.114630459692537319e+06
4.368731409492537379e+06
3.802434298908955418e+06
3.612046825871641282e+06
4.285342184828358702e+06
3.817529435005970299e+06
6.013781316862686537e+06
3.446342459453731310e+06
4.316051561353731900e+06
3.537752955301492475e+06
3.643977797247761395e+06
3.425300965294029564e+06
4.214487691402984783e+06
3.637362255844776519e+06
4.133533965123881120e+06
4.112925326001492329e+06
3.573275309970148839e+06
4.549495682237313129e+06
3.825207838214925490e+06
3.980253196447760798e+06
4.008643643249253277e+06
3.956722787985074334e+06
4.124425695759700611e+06
4.111331466529850382e+06
4.113320377473135013e+06
3.822728265988059342e+06
3.793196428585075308e+06
4.267528430605970323e+06
3.924894537295522168e+06
4.035094344868656248e+06
3.935606084483582061e+06
4.083870342301492579e+06
4.417872748862686567e+06
4.340435069068656303e+06
3.864994654246268328e+06
3.998526422331342939e+06
4.457746602883582003e+06
4.390852125040298328e+06
3.916196373220894951e+06
4.047162880389552098e+06
4.528178932982089929e+06
4.822800853483581915e+06
5.342635027931342833e+06
4.608916786135820672e+06
5.149856066988060251e+06
5.622261235388060100e+06
5.539654856982090510e+06
4.957482174491045065e+06
4.800252622223881073e+06
4.573543672673134133e+06
4.866216101650746539e+06
5.645521594029850326e+06
5.310900515404476784e+06
5.066898563585074618e+06
5.586755569019402377e+06
5.497627943943283521e+06
5.641462059525373392e+06
5.324154012774626724e+06
5.792753027282089926e+06
6.158679229231343605e+06
5.714340073107462376e+06
6.657999644944777712e+06
5.779533050577611662e+06
6.066553850270149298e+06
6.486915609595523216e+06
6.403443218858209439e+06
6.007030335734328255e+06
6.612189430953731760e+06
7.291165365476118401e+06
6.042069150040298700e+06
6.884048451750746928e+06
6.797260231350745074e+06
6.494583839895521291e+06
6.559333799462685362e+06
6.976156586352238432e+06
7.074107308979105204e+06
7.014816404126864858e+06
6.530624101476119831e+06
7.372415814779104665e+06
6.766706681122388691e+06
6.874659806780596264e+06
7.123624808991044760e+06
7.312673302411939017e+06
7.260731092817910016e+06
6.704842783638806082e+06
6.868352656565671787e+06
7.999751901880597696e+06
7.496575016274627298e+06
7.140089200825372711e+06
7.511331471637313254e+06
8.385224677188059315e+06
7.612195307713431306e+06
8.006928059946267866e+06
8.078190029676118866e+06
8.939790143428359181e+06
8.462918221285074949e+06
7.647049634058209136e+06
8.224081575862687081e+06
8.701165626810446382e+06
8.213284228302985430e+06
8.441989111280597746e+06
8.022744200246267021e+06
8.885803909237312153e+06
8.249240608323880471e+06
8.689792659025372937e+06
9.138479989101491868e+06
9.405269112480595708e+06
1.155488597930298746e+07
1.018110906248955242e+07
8.931473854323878884e+06
9.688412540258208290e+06
8.904856790313433856e+06
9.084688199179105461e+06
9.225349430635821074e+06
8.923682927082089707e+06
1.080441323303880729e+07
1.045664941471194103e+07
1.000861222563880496e+07
1.044442501343880594e+07
1.016485349212238938e+07
1.056429418357164226e+07
1.088771920799850672e+07
9.973190894247760996e+06
1.066141077651940286e+07
1.112648080202835798e+07
1.072625872983731329e+07
1.092623157836268656e+07
1.026662962254477479e+07
1.095935471678805910e+07
1.101133808309104480e+07
1.114765596837313287e+07
1.173370941686567105e+07
1.187203536952238716e+07
1.099192421307164058e+07
1.165189717300447822e+07
1.099752538232238777e+07
1.164996664904477634e+07
1.308099549186567031e+07
1.320866385943283513e+07
1.534443373065671697e+07
1.267526084423880652e+07
1.397139900498507544e+07
1.256757529008955136e+07
1.387101338516417891e+07
1.396710779752238840e+07
1.437152597358208895e+07
1.462885904083582200e+07
1.420936707332835905e+07
1.447676654361194186e+07
1.595057465731343254e+07
1.740831387028358132e+07
1.748710140735821053e+07
1.744152053210447356e+07
1.871465678295522183e+07
1.996433475067164376e+07
1.892763917032835633e+07
1.960626643046268448e+07
1.993392614438806102e+07
1.939333038794029877e+07
2.003916509971641749e+07
2.364736475998507440e+07
2.315181761253731325e+07
2.360386345334328711e+07
2.437964958528358117e+07
2.489702864508955181e+07
2.680238152064178884e+07
2.798011561649253592e+07
2.902472769419403002e+07
2.792789708749253675e+07
2.752599995155223832e+07
3.206967200619403273e+07
3.420602088108954579e+07
3.218328030397014320e+07
3.341612111161193997e+07
3.264148247823880240e+07
3.555759418537312746e+07
3.613014903361193836e+07
3.367119376973134279e+07
3.371042818555223942e+07
3.582454354680597037e+07
3.973113535895522684e+07
3.760891297389552742e+07
3.579000274571641535e+07
3.614759328444776684e+07
4.320136587895522267e+07
4.203012232767163962e+07
4.054221477961193770e+07
4.610517593504477292e+07
4.902665800837313384e+07
5.096153702040298283e+07
4.770811216446269304e+07
5.823023237759701163e+07
5.840663881537313759e+07
5.605882658168657124e+07
5.446312407089552283e+07
6.874398699477611482e+07
6.231545385999999195e+07
6.132892517794030160e+07
7.473487780632837117e+07
7.050631191977612674e+07
6.326922805586567521e+07
7.418635889119403064e+07
7.763522404567164183e+07
7.366364821074625850e+07
9.325071942373134196e+07
8.681638038910447061e+07
7.938570715750746429e+07
9.701676625746268034e+07
9.134729604477612674e+07
9.211107929835821688e+07
1.132668993844776154e+08
1.056714142825373113e+08
1.406430235961194038e+08
1.209164357119403034e+08
1.270708119086567163e+08
1.294642202013432682e+08
1.417598480304477513e+08
1.481776701428358257e+08
1.312207668404477686e+08
1.506068479888059795e+08
1.413873069882089496e+08
1.435668505464179218e+08
1.699216610780597031e+08
1.588095476589552164e+08
1.915013504265671670e+08
1.955953586980597079e+08
2.164585073119403124e+08
2.044521210716418028e+08
2.178520389656716287e+08
2.505332404388059676e+08
2.583740919564178884e+08
2.856814858940298557e+08
2.912620520313432813e+08
3.022098193208954930e+08
3.137039185671641827e+08
3.752200286552239060e+08
3.717168662119402885e+08
4.088893430656716228e+08
4.189532751582089663e+08
4.679079697925373316e+08
4.270763563925372958e+08
5.093278659253731370e+08
4.548786202388059497e+08
4.538511502238805890e+08
4.771411804179104567e+08
4.784303653731343150e+08
5.563264163283581734e+08
7.063262223134328127e+08
9.553556278656716347e+08
1.260422403407462597e+09
2.170526662046268463e+09
3.937107632979104519e+09
2.672098484892537117e+09
